   -0.1791227390E-01
   -0.1436730097E+00
   -0.5227357490E-01
   -0.5791397600E-01
   -0.1662719560E-01
    0.5048511674E+00
    0.1863321500E-02
   -0.9948559790E-01
    0.1263020021E+00
   -0.5769451860E-01
    0.4909460240E-01
   -0.2180311583E+00
    0.1037368260E-01
   -0.2341118050E-01
   -0.1317381439E+00
   -0.1578449444E+00
   -0.1678215910E+00
    0.7624656791E-01
    0.2440842114E+00
    0.2105661879E+00
   -0.7254524000E-01
    0.1469412000E-02
    0.1161800628E+00
    0.3281022350E-01
    0.1488290683E+00
    0.1879988570E-01
    0.3404566600E-01
    0.1773799558E+00
   -0.1310018750E+00
   -0.1507151870E-01
   -0.1772022290E-01
    0.9721045240E-01
    0.2292231500E-01
    0.1991819500E-02
    0.7591553050E-01
    0.1257195872E+00
   -0.1000298745E+00
   -0.1389211043E+00
    0.1222204257E+00
    0.1324724944E+00
   -0.7052141570E-01
   -0.1532999093E+00
   -0.8458957470E-01
   -0.3208825470E-01
   -0.1230717813E+00
   -0.1004170002E+00
   -0.2001796830E+00
   -0.1064033552E+00
    0.1353020021E+00
   -0.3571243904E+00
   -0.7023630720E-01
   -0.5920779100E-01
    0.7477127900E-02
   -0.9459594070E-01
   -0.1593446370E+00
   -0.1848812630E+00
    0.9201604175E-01
   -0.1272570836E+00
   -0.1479207110E-01
    0.2218209431E+00
    0.1720705770E+00
   -0.1295475571E+00
   -0.8387529560E-01
    0.2014417126E+00
   -0.5848118060E-01
    0.2298502472E+00
   -0.3360923100E-01
   -0.9403798080E-01
    0.6140905320E-01
   -0.8542742820E-01
   -0.1429849390E-01
    0.1650481209E-01
    0.1188568709E+00
    0.1027876960E+00
   -0.2171400320E-01
   -0.4247688670E+00
   -0.2482449360E-01
   -0.1884930050E-01
    0.1071529310E+00
   -0.3516357199E+00
   -0.1164059608E+00
   -0.1997821711E+00
   -0.7320588277E-01
   -0.1407785079E+00
   -0.1302030556E+00
    0.9860891070E-01
   -0.7943394470E-01
   -0.1499038638E+00
    0.5860217900E-01
   -0.6650220700E-02
    0.1670652665E+00
   -0.5100659900E-01
    0.4117075380E-01
    0.6068833130E-01
    0.1831876858E+00
    0.9054911016E-01
    0.3042477000E-03
    0.5250151970E-01
    0.1537222760E+00
    0.1196340280E+00
   -0.9248068900E-01
   -0.2685934270E+00
   -0.3921944310E-01
    0.2330463107E+00
    0.7826136830E-01
    0.6867932440E-01
    0.1319091418E+00
    0.1806790689E+00
    0.6419565690E-01
   -0.4237908590E-01
   -0.2201368770E-01
   -0.2465361410E-01
    0.6579743980E-01
    0.2169105129E+00
    0.1218050766E+00
    0.1756485780E+00
   -0.7255908980E-01
   -0.5193321790E-01
   -0.2978632444E+00
    0.2809393459E+00
    0.1568185365E+00
   -0.1869923370E-01
   -0.2202362072E+00
   -0.1554373577E+00
    0.2764645477E+00
   -0.9354863300E-02
   -0.1018700260E-01
   -0.7093089840E-01
    0.1774885270E+00
   -0.7261248930E-01
   -0.9633931940E-01
   -0.2230897280E-01
   -0.2504986290E-01
   -0.2122858632E+00
   -0.2586728358E+00
    0.2096160249E+00
    0.6349302970E-01
    0.1126423597E+00
    0.1695089760E+00
   -0.2068952828E+00
    0.2168052922E+00
   -0.1247512643E+00
    0.2878242471E+00
   -0.3923125600E-01
    0.1467766582E+00
    0.1036423597E+00
   -0.1155059766E+00
    0.1048298510E-01
   -0.1394793648E+00
   -0.5084604450E-01
    0.7639368670E-01
    0.8087570890E-01
   -0.1208849444E+00
    0.1729390643E+00
    0.1203085367E+00
    0.3002470040E-01
   -0.1716804166E+00
   -0.1851333750E-01
   -0.3719356204E+00
   -0.5547808610E-01
    0.1535055307E+00
    0.2077313603E+00
    0.8030769470E-01
    0.1373245045E+00
    0.1337089020E-01
   -0.2178403579E+00
   -0.4316224810E-01
   -0.3700085270E-01
    0.6409596100E-02
    0.1210055888E+00
   -0.1662858632E+00
   -0.2380034170E-01
   -0.9217639370E-01
    0.1634095961E+00
    0.1934422491E+00
    0.1184470680E-01
    0.1730247293E+00
   -0.1471135850E+00
   -0.7167300970E-01
    0.6676395040E-01
    0.2070511060E-01
    0.5165434200E-02
    0.7440616267E-01
    0.2324619590E+00
   -0.1838031047E+00
   -0.1053520978E+00
   -0.6540335520E-01
    0.6447885660E-01
    0.2297888472E+00
   -0.3349295030E-01
   -0.1841654520E+00
    0.2191943008E+00
   -0.1011715079E+00
   -0.2014873980E+00
   -0.3275400090E-01
    0.1477130386E+00
   -0.1183536370E+00
   -0.7940850820E-01
    0.2669613590E-01
    0.4682360630E-01
