   -0.9952429440E-01
   -0.3006150650E+00
    0.6379685150E-01
   -0.1292126263E+00
    0.5407886000E-03
    0.6386910339E+00
   -0.2729291620E-01
   -0.5183306680E-01
   -0.4625397300E-02
   -0.1335495609E+00
    0.1019006092E+00
   -0.3027588623E+00
   -0.2166478400E-01
    0.8737049270E-01
   -0.1620241919E+00
   -0.2127120187E+00
    0.4192472000E-02
    0.3337961940E-02
    0.1637851390E+00
    0.3045732416E+00
   -0.1386425571E+00
    0.1130276750E+00
    0.1162621655E+00
   -0.1282783510E-01
    0.8066170130E-01
   -0.1938299300E-01
   -0.3883381410E-01
    0.1024681974E+00
   -0.1220241919E+00
    0.7501416800E-01
   -0.7352097250E-01
    0.6318774860E-01
    0.3644821032E+00
    0.1215267772E+00
    0.3165053558E+00
    0.7616456390E-01
   -0.1832658314E+00
   -0.1489268037E+00
    0.2543292474E+00
    0.4102388314E+00
   -0.8672599690E-01
   -0.1755996552E+00
   -0.2949209453E+00
   -0.4056565280E-01
   -0.1455932140E+00
   -0.1260283220E-01
   -0.2780219920E+00
   -0.1434407052E+00
    0.4374602700E-02
   -0.3967144182E+00
   -0.1316581184E+00
   -0.7965442260E-01
   -0.6897980070E-01
   -0.2386185318E+00
   -0.2179288921E+00
   -0.1979487827E+00
    0.3990760394E-01
   -0.6181907910E-01
   -0.6617966150E-01
    0.1423854426E+00
    0.5167710700E-01
   -0.2198362225E+00
   -0.1261931111E+00
    0.1320661776E+00
   -0.8363343470E-01
    0.1564669026E+00
   -0.4869368330E-01
   -0.1090937272E+00
    0.1003113689E+00
   -0.1509665986E+00
   -0.7765619030E-01
   -0.2351974852E-01
    0.8899184230E-01
    0.1865420940E-01
    0.3113745539E+00
   -0.4433680940E+00
   -0.7492097200E-02
    0.3156116383E+00
    0.3720153680E+00
   -0.2985958736E+00
   -0.2207033321E+00
   -0.3680602292E+00
   -0.9142326170E-01
   -0.2158442309E+00
   -0.2347330633E+00
    0.7381403530E-01
   -0.6088763970E-01
   -0.1510461590E+00
    0.1486098970E-01
    0.2139085733E+00
    0.1374394268E+00
   -0.1634886840E+00
    0.2870060830E+00
   -0.3282393210E-01
    0.1012022130E+00
    0.4362666340E-01
    0.8890405280E-01
    0.1491828400E-01
    0.1794874080E+00
   -0.1588156000E-02
    0.5862541110E-01
   -0.1790387820E+00
   -0.1015062647E+00
    0.3787486174E+00
    0.1165029000E-01
    0.1134239344E+00
    0.1006790796E+00
    0.9662728300E-01
   -0.1400561390E-01
    0.1175392756E+00
   -0.1118822698E+00
   -0.1251438705E+00
    0.1232314059E+00
    0.1200034143E+00
    0.1011500700E-01
    0.1426116162E+00
   -0.1416997923E+00
    0.6166774490E-01
   -0.2727554380E+00
    0.2589551179E+00
    0.4631112106E+00
   -0.3006917410E-01
   -0.2646432736E+00
   -0.1240812849E+00
    0.5424685009E+00
   -0.4314592230E-01
   -0.1426187898E+00
    0.1110561735E+00
    0.3720799600E-01
   -0.1386542016E+00
   -0.1233197548E+00
   -0.8532979000E-02
   -0.3684712020E-01
   -0.2691164352E+00
   -0.8362224900E-03
    0.1690429456E+00
    0.9109874400E-02
    0.1097062760E-01
    0.1445137786E+00
   -0.3758853710E-01
    0.3469958953E+00
   -0.1198984806E+00
    0.5563376380E+00
   -0.1057394781E+00
    0.3721598770E-01
    0.1970627600E-02
    0.5999906180E-01
   -0.1423795560E-01
   -0.2128479677E+00
    0.6566419210E-01
   -0.8195060360E-01
    0.2335432960E-01
   -0.1660811219E+00
    0.1116901881E+00
    0.2939479600E-01
    0.1153266175E+00
   -0.2665315515E+00
   -0.3014042770E-01
   -0.4677242193E+00
   -0.7135576100E-01
    0.8766272480E-01
    0.1135204096E+00
    0.3429888850E-01
    0.3465844817E+00
   -0.9695474400E-01
   -0.1718492056E+00
    0.6629764840E-01
   -0.1078391286E+00
   -0.7819032840E-01
    0.5907915040E-01
   -0.2231164352E+00
   -0.3308636440E-01
   -0.1724710135E+00
    0.7880967160E-01
    0.1299905641E+00
    0.3035062467E+00
    0.7193036300E-01
    0.2388583923E+00
   -0.2286150650E+00
    0.3192279340E-01
   -0.2475886230E-01
   -0.8611921490E-01
    0.3385328100E-01
    0.1926805960E+00
   -0.1270782980E-01
   -0.2139628971E+00
   -0.1024407052E+00
    0.2926247330E-01
    0.3834867851E+00
    0.7724440840E-01
    0.2400067181E+00
    0.2683483118E+00
   -0.8498947760E-01
   -0.3166100500E+00
   -0.1645776037E+00
    0.4005029400E-01
    0.3417800900E-01
    0.4371819210E-01
    0.1179504702E+00
   -0.3347101350E-01
