   -0.1675136690E+00
   -0.5149907968E+00
    0.4602162640E-01
   -0.2168362350E-01
    0.2041007743E+00
    0.7643909654E+00
   -0.1896556170E-01
   -0.2140083200E+00
    0.1555442210E-01
   -0.2311971539E+00
    0.1115658736E+00
   -0.4665860655E+00
   -0.1983195578E+00
   -0.1750736727E+00
   -0.3081965360E+00
   -0.8818289050E-01
   -0.1000777440E-01
   -0.9868489820E-01
    0.6214490222E-01
    0.1820288590E-01
   -0.1613872379E+00
    0.7304566600E-01
    0.1603582735E+00
   -0.8883305300E-02
    0.7491832500E-01
    0.2456392910E-01
    0.4984064500E-01
    0.5503563090E-01
   -0.2681965360E+00
    0.1346284341E+00
   -0.3367811550E+00
    0.1302804908E+00
    0.2731443560E+00
    0.1154116693E+00
    0.3367598983E+00
    0.1631281670E-01
   -0.2165963513E+00
    0.1463576720E-01
    0.1759930864E+00
    0.1957450137E+00
   -0.1661980174E+00
   -0.4191003234E+00
   -0.5902957919E+00
    0.1603499738E+00
    0.2469600400E-01
    0.3157335550E-01
   -0.3601000070E+00
   -0.1637878994E+00
    0.2455442210E-01
   -0.4262993617E+00
   -0.3721149002E+00
    0.3889148240E-01
    0.7726629820E-01
   -0.4199571865E+00
   -0.2603053442E+00
   -0.1433582465E+00
    0.4281094689E-01
   -0.7868012819E-01
   -0.3915885860E-01
    0.2211917082E+00
    0.1307370980E+00
   -0.2596451610E+00
   -0.9869593812E-01
    0.1015626421E+00
    0.1866158730E-01
    0.1114235037E+00
    0.9521357380E-01
   -0.1866594599E+00
    0.2026168074E+00
   -0.2668721409E+00
    0.2885346420E-01
    0.1010026009E-01
    0.9373097290E-01
    0.1151615074E+00
    0.4555456124E+00
   -0.5939216700E+00
    0.1899113730E+00
    0.4727505060E+00
    0.1159947210E+00
   -0.4102489481E+00
   -0.2447146400E+00
   -0.3586492823E+00
   -0.7436333874E-01
   -0.2819778261E+00
   -0.3140069136E+00
    0.1710606318E+00
    0.1236179140E+00
   -0.6750664700E-01
   -0.2744954410E-01
    0.6950519920E-01
    0.1487522106E+00
   -0.1843317640E+00
    0.2278583539E+00
    0.1433359581E+00
    0.8221674750E-01
    0.6506758960E-01
    0.1401062433E+00
   -0.1825252835E+00
    0.1780937600E+00
   -0.1906240000E-02
    0.1949456526E+00
   -0.2757369540E+00
   -0.1254663022E+00
    0.2263040371E+00
    0.1327233392E+00
    0.2890311439E+00
    0.2570650100E-02
    0.2501838650E+00
   -0.1856648844E+00
    0.2650742569E+00
   -0.8145466080E-01
   -0.1202579241E+00
    0.1403163113E+00
    0.2735939747E+00
    0.1912655047E+00
    0.2012380745E+00
   -0.1765333107E+00
    0.2152048391E+00
   -0.2923455026E+00
    0.4871355992E+00
    0.3964863310E+00
    0.1623996042E+00
   -0.2667991303E+00
   -0.2472567110E+00
    0.4399962813E+00
    0.2862228082E-01
   -0.2638317059E+00
    0.1377831700E+00
    0.7988713000E-02
    0.1520483910E-01
   -0.1596415073E+00
    0.6984192510E-01
    0.1235448025E+00
   -0.3036544705E+00
   -0.4064516102E-01
    0.5192901110E-01
    0.4253394490E-01
    0.1900187884E+00
    0.1655695943E+00
    0.9770906410E-01
    0.2719657999E+00
   -0.1624620530E-01
    0.4525173216E+00
    0.2707717170E-01
    0.1643158324E+00
    0.1810187884E+00
    0.5660516390E-01
    0.1822715241E+00
   -0.2688229336E+00
    0.4747589730E-01
   -0.2678057923E+00
    0.1729571201E+00
   -0.1224293763E+00
    0.1211371713E+00
    0.1290576125E+00
   -0.2973107480E-01
   -0.3940296983E+00
    0.1543516445E+00
   -0.5328058594E+00
   -0.2638315350E-01
    0.1129098100E-02
    0.1827544172E+00
   -0.1299831698E+00
    0.2710255293E+00
    0.3680442820E-01
   -0.1839647541E+00
    0.2196915220E-01
   -0.1336053790E-01
    0.2345630810E-01
    0.6077605950E-01
   -0.2576544705E+00
    0.1638733013E+00
   -0.3215070016E+00
    0.1804563081E+00
    0.1274252572E+00
    0.1907556945E+00
    0.6826892100E-01
    0.2656011615E+00
   -0.4429907968E+00
    0.8767529060E-01
   -0.1885860655E+00
   -0.2943074147E+00
    0.7479611403E-01
    0.7597721300E-01
   -0.3148729280E-01
   -0.2997780463E+00
   -0.1227878994E+00
    0.9985300772E-01
    0.6797251952E+00
    0.4092696020E-01
    0.2467147509E+00
    0.2751167189E+00
    0.1726019230E-01
   -0.3748771130E+00
   -0.7037936230E-01
    0.2340306025E+00
    0.3243054300E-01
    0.5390635460E-01
    0.1712561080E+00
   -0.1825070016E+00
