    0.1117542200E+00
    0.1915958564E+00
   -0.1356214600E+00
    0.2109754640E-01
   -0.2790238930E+00
    0.9643479400E-01
   -0.1210621490E+00
   -0.6237568600E-01
    0.1630673139E+00
   -0.5461455000E-01
   -0.2032935010E+00
    0.5507043180E+00
    0.3567948960E+00
   -0.5887361500E-01
   -0.1456414810E+00
    0.1910886580E-01
    0.3711602420E+00
    0.9752486000E-03
   -0.8292475340E-01
    0.1814132330E+00
    0.2661618040E+00
   -0.9482818300E-01
    0.1145262530E+00
   -0.1426367430E+00
   -0.2095048327E+00
   -0.7270834730E-01
    0.6478752660E-01
   -0.9122822200E-01
   -0.2861191390E+00
    0.4897282490E+00
   -0.5970460800E-01
   -0.4513591270E+00
   -0.1153785720E+00
    0.4950243450E+00
   -0.2517532150E+00
    0.5064082690E-01
   -0.2598170230E+00
   -0.2618463460E+00
   -0.2298048270E+00
    0.1079206250E+00
   -0.1524405740E+00
    0.3136732372E+00
    0.2120535172E+00
   -0.2427617490E+00
    0.1951455830E+00
   -0.1995457460E+00
    0.1586799310E+00
    0.1693441000E-02
   -0.1577043440E+00
    0.2959065310E+00
    0.5593835400E-01
    0.2429165270E-01
   -0.1989913151E+00
   -0.2524385000E-02
    0.2045655650E+00
    0.2179009750E+00
   -0.6350131940E-01
   -0.8078546770E-01
   -0.2865056640E+00
   -0.2353986280E+00
    0.1381935127E+00
    0.9382456900E-01
   -0.2678463460E+00
   -0.6351295280E+00
    0.1345753000E-01
    0.2976799310E+00
   -0.1628697760E+00
    0.8968255600E-01
   -0.1827589000E+00
   -0.7739437800E-01
    0.1400857301E+00
   -0.2710408000E-01
    0.8835495000E-01
    0.1279636840E+00
   -0.9848190600E-01
    0.1441347440E+00
   -0.9940525600E-01
   -0.1412092500E+00
    0.1174177270E+00
   -0.1840054712E+00
    0.7257567510E-01
   -0.2897866360E+00
    0.5963093690E-01
    0.3139259690E+00
   -0.1338489290E+00
   -0.4068279100E-01
   -0.1397053340E+00
   -0.3531433400E+00
    0.1322583740E+00
   -0.5570907510E-01
    0.2299227230E+00
    0.1916998490E+00
   -0.3911041800E-01
   -0.5418589100E-01
    0.2188510082E+00
    0.6515086400E-01
   -0.1369669970E+00
   -0.6899008400E-01
   -0.1695906435E+00
   -0.1252216890E+00
   -0.7801656620E-01
   -0.1264657290E+00
    0.2402076570E+00
   -0.6533823400E-01
    0.1719105400E+00
   -0.1234331250E-01
   -0.1826818200E-01
    0.1145149440E+00
   -0.1077962000E-02
   -0.1582499940E+00
   -0.3706248160E+00
    0.1382583740E+00
    0.8116180400E-01
    0.2626872190E+00
    0.4193067818E+00
    0.1237111860E+00
    0.1502302550E+00
   -0.6646333600E-01
    0.1952110596E+00
    0.1956697757E+00
    0.4884497900E-01
   -0.1324551850E+00
   -0.3581475600E-01
    0.1899620680E+00
   -0.2649461050E+00
    0.1332423340E+00
   -0.2289839050E+00
