    0.2036247740E+00
   -0.1111252200E-01
    0.7769838000E-02
   -0.3903740890E-01
   -0.9681873100E-01
    0.1136792330E+00
    0.3965660000E-03
   -0.2558193050E+00
    0.1503056631E+00
   -0.2272481230E+00
    0.8722020200E-01
    0.1268549840E+00
    0.2898065830E+00
   -0.7444484400E-01
   -0.2306357400E-01
    0.3080137570E-01
    0.1824754380E+00
    0.1175188223E+00
   -0.2258670045E+00
    0.1762412940E+00
    0.8462315600E-01
   -0.3536367200E-01
    0.1127371340E+00
   -0.1466129520E+00
   -0.2807353105E+00
   -0.1474247348E+00
    0.8081085620E-01
    0.5700703300E-01
   -0.8773969500E-01
    0.4641898360E+00
    0.4488390600E-01
   -0.3043026710E-01
   -0.5448013800E-01
    0.2875415620E+00
   -0.1892248680E+00
    0.5439159100E-01
   -0.1164684340E+00
   -0.1316040470E+00
   -0.2918808730E-01
    0.1523573470E+00
   -0.7765368900E-01
    0.2333920086E+00
    0.1403576870E+00
   -0.8867182400E-01
    0.1160025500E+00
   -0.8664991700E-01
    0.1107298480E+00
   -0.1457533650E+00
   -0.2478925770E+00
   -0.1289983500E-01
    0.1223568056E+00
   -0.5042473480E-01
   -0.1052034062E+00
   -0.3199589950E+00
    0.2139576300E+00
    0.5825790680E+00
   -0.2218681908E+00
   -0.1014105864E+00
   -0.8567809500E-01
   -0.1181059250E+00
   -0.1847497560E+00
    0.1415179020E+00
   -0.1376040470E+00
   -0.2987448860E+00
   -0.2402858630E+00
    0.2497298480E+00
   -0.1042847069E+00
    0.9858271900E-01
    0.9976395100E-01
   -0.2320625950E+00
   -0.7487161300E-01
   -0.2248113270E+00
   -0.3750209600E-01
    0.2220859490E+00
   -0.7625646600E-01
   -0.1133193000E-02
   -0.1411011450E+00
    0.3184834500E-01
    0.2236565960E+00
   -0.1888971683E+00
   -0.5921034200E-01
   -0.3835071870E+00
    0.2096846170E-01
    0.1138677859E+00
   -0.2887142010E-01
    0.1214786460E+00
    0.1983319300E-01
   -0.1215443410E+00
    0.1712205510E+00
   -0.2790886450E+00
    0.2318348060E+00
    0.1392969990E+00
    0.2289856680E+00
    0.4174289200E-01
   -0.8793749200E-01
   -0.2564415600E-01
   -0.1420434890E+00
   -0.6941944700E-01
   -0.1458983821E+00
   -0.4852574700E-01
   -0.4999270430E-01
   -0.2243052420E-01
    0.1516902880E+00
   -0.8885556000E-02
    0.2348454150E+00
   -0.9216700300E-01
   -0.7704504100E-01
    0.5227284600E-01
   -0.7490340500E-01
   -0.5223312200E-01
    0.2062974230E+00
    0.1772205510E+00
   -0.1003768440E+00
    0.4643018400E-01
    0.6761855900E-01
    0.1044119222E+00
    0.5062362200E-01
    0.2152666000E-02
    0.1665008242E+00
    0.6309477000E-01
   -0.1084136260E+00
   -0.1033038220E+00
   -0.5925048200E-01
    0.5841811800E-01
   -0.1937652300E+00
    0.1414131853E+00
    0.1176002588E+00
