    0.1656410050E+00
   -0.3050585950E+00
    0.5456429100E-01
   -0.2295714500E+00
   -0.2947254930E+00
    0.7660250240E+00
    0.8376250700E-01
   -0.5466494480E+00
    0.6027003100E-01
   -0.4163603480E+00
    0.1202438970E+00
    0.6988765350E+00
    0.1442015560E+00
   -0.1313347120E+00
   -0.1207389250E+00
   -0.4235295040E-01
    0.3699122360E+00
   -0.3993007330E+00
   -0.2198866895E+00
    0.2251128960E+00
    0.2618912380E+00
   -0.1013720670E+00
    0.3302962440E+00
   -0.1063663510E+00
   -0.3368131320E+00
   -0.4178396510E-01
    0.2068443611E+00
    0.4929536900E-01
   -0.1795076050E+00
    0.3838715060E+00
   -0.3314294000E-02
   -0.4492180490E+00
   -0.2699015310E+00
   -0.1840466300E-01
    0.1737557277E+00
   -0.3759900600E-01
    0.1334264420E+00
   -0.5349808600E-01
   -0.4504114955E+00
   -0.6016483100E-01
    0.2742060569E+00
    0.1934913060E+00
   -0.2902079400E-01
    0.3049155650E+00
    0.8207870609E+00
   -0.5206511370E+00
    0.3843305562E+00
    0.3347487100E+00
   -0.1532591460E+00
   -0.5181337100E-01
    0.3579112218E+00
    0.5521603490E-01
   -0.3577695908E+00
   -0.1045100873E+01
   -0.2438161800E-01
   -0.2249960720E+00
   -0.2956824905E+00
   -0.1987017320E+00
   -0.1536869710E+00
   -0.2047561210E+00
   -0.4442560920E+00
   -0.6034429000E-01
   -0.5949808600E-01
    0.4894800000E-02
    0.2439665429E+00
    0.5233305562E+00
   -0.6289229910E+00
   -0.1346986360E+00
   -0.1396829300E+00
   -0.1911930510E+00
    0.2658200106E+00
   -0.5545679560E+00
    0.4929330900E-01
    0.2079478970E+00
   -0.1516327130E+00
    0.2474019270E+00
   -0.1014857710E+00
   -0.1152376500E-01
   -0.8761790900E-01
   -0.3539469980E+00
   -0.6571225900E-01
   -0.2362904390E+00
   -0.1085641660E+00
    0.8962698520E-01
    0.4215546578E+00
    0.4126818670E+00
   -0.8319580900E-01
   -0.7908650060E+00
    0.5747677460E+00
   -0.5379398850E+00
    0.1958741700E-01
    0.3595128240E+00
    0.1855833700E-01
    0.4873283900E-01
   -0.2231757710E+00
    0.2692372540E+00
    0.2137403000E-03
    0.1873306543E+00
   -0.1856609096E+00
    0.3461209118E+00
   -0.1068339529E+00
    0.3723060409E+00
    0.3521038430E+00
    0.3113149522E+00
    0.2566587350E+00
   -0.1809800980E+00
   -0.3781374670E+00
    0.9245747900E-01
    0.4575190000E-02
   -0.1792086440E+00
   -0.2929943270E+00
    0.5807677460E+00
    0.7689123800E-01
   -0.6039116300E-01
   -0.2158540840E+00
    0.8594100000E-04
   -0.1920491110E+00
    0.2929949244E+00
    0.1310886600E-01
   -0.6644524000E-02
    0.2649652000E-02
    0.2056694558E+00
    0.4389464060E+00
    0.3127807280E+00
    0.1412939291E+00
    0.3167429891E+00
   -0.1775026330E+00
