Model_ID, [(c_i,i=0,n)_j,j=1,ntask]
           1    0.2748005274E+01   -0.4639674024E+00
           2    0.1100965809E+01    0.3630079790E+01
           3    0.5378123301E+01   -0.2957159142E+01
           4    0.4808484418E+01    0.7425065584E+00
           5    0.1098174063E+01    0.3338784509E+01
           6    0.8110216861E+00    0.1338028217E+01
           7    0.6175035350E-01   -0.4389678974E+01
           8    0.7747634727E+00    0.3923235127E+01
           9    0.4498067710E+01   -0.1563620125E+02
          10    0.4999827703E+00   -0.6146198575E+00
          11    0.5116897204E+01    0.1546399551E+01
          12   -0.1745794631E+01    0.9880636831E+00
          13    0.1192344061E+01   -0.2682620977E+01
          14    0.1220560273E+01   -0.2668883262E+01
          15    0.3492617114E+00   -0.2390866783E-01
          16    0.1084927227E+01   -0.1200407013E+01
          17    0.3757806126E+01   -0.1912669188E+01
          18    0.7656435923E+00    0.1406566089E+01
          19    0.5002759243E+01    0.1157852074E+01
          20    0.4553480428E+01   -0.1158967601E+02
          21   -0.1728967397E+01    0.9921906285E+00
          22    0.4653276080E+01    0.3121782144E+00
          23    0.4505420545E+01   -0.1323395032E+02
          24    0.1638690621E+01   -0.9088818548E+00
          25    0.4082751459E+01   -0.3372908285E+01
          26   -0.4723432926E+00    0.3935922963E+00
          27    0.2902704546E+00   -0.4381002616E+01
          28    0.9884403908E+00   -0.8814392979E+00
          29    0.2354073053E+01   -0.1763862573E+01
          30    0.4554856230E+01   -0.3026759780E+02
          31    0.3781772915E+01   -0.2398478099E+01
          32   -0.2091393762E+02    0.2553132904E+02
          33    0.4451470815E+01   -0.6166937858E+02
          34   -0.3123854236E+00    0.8530632928E+00
          35    0.1588103362E-01    0.8532402435E+00
          36    0.3885023639E+01   -0.7244594303E+00
          37    0.2260561552E+01   -0.5987864504E+00
          38    0.3846770585E+01   -0.1112486495E+01
          39    0.2315209661E+01    0.1412324105E+01
          40    0.4525749755E+01   -0.2824773751E+01
          41    0.9923828017E+00    0.3417183413E+01
          42    0.8751147336E+00    0.3118620166E+00
          43   -0.1870816156E+01    0.6929913123E-02
          44    0.2044142771E-01    0.8583674085E+00
          45    0.5191211463E+01    0.7779208971E+00
          46    0.4503869185E+01   -0.1122981067E+02
          47    0.1407977543E+01    0.7309462369E+00
          48    0.2537831712E+02   -0.2093068758E+02
          49    0.7114346743E+00    0.2018077161E-03
          50    0.8767394375E+00    0.3163264958E+00
          51    0.1115137765E+01    0.2558900115E+02
          52    0.1678377131E+01   -0.7880894837E+00
          53    0.6285703622E+00    0.1105368732E+01
          54   -0.3633834046E+01    0.4888111696E+00
          55    0.7517478208E+00   -0.8635743101E+00
          56    0.5604004619E+00    0.1333340196E-03
          57    0.1408609216E+01    0.7359159512E+00
          58    0.5453934030E+00    0.2746905293E-03
          59    0.7259453049E+00    0.1086477527E+01
          60    0.2288348701E+01   -0.2026746080E+00
          61    0.4548561008E+01   -0.1662301686E+02
          62    0.4912196427E+01    0.4873410031E+00
          63    0.6732823002E+01   -0.4125919974E+01
          64    0.1022972629E+01    0.2877193175E+01
          65   -0.1066500178E+01    0.2529117822E+00
          66    0.4225169638E+01   -0.1637350888E+02
          67    0.2303538487E+01   -0.1843525277E+01
          68    0.1810721290E+00   -0.9084408757E+00
          69    0.7266908286E+00    0.1094795510E+01
          70    0.1599649264E+01   -0.6429911671E+01
          71    0.3279689655E+01   -0.3859430651E+00
          72    0.1025033474E+01    0.1296452262E+01
          73    0.5932444914E+01   -0.3956224823E+02
          74    0.1114600034E+01    0.2802604237E+01
          75    0.4638469427E+01   -0.1188619068E+02
          76    0.3711695678E+01   -0.2697862518E+01
          77    0.5467941848E+00    0.2766492754E-03
          78    0.2338143343E+01   -0.3292557998E+00
          79    0.3731865669E+01   -0.4309415962E+01
          80    0.3282950034E+01   -0.3806985612E+00
          81    0.1115095565E+01    0.2567618953E+01
          82   -0.1570103400E+01    0.2132500454E-01
          83    0.8088519547E+00    0.4049499954E+01
          84    0.2187755510E+01   -0.1576986233E+01
          85   -0.1519588233E+01    0.5192472620E+01
          86    0.4524422769E+01   -0.3081157166E+01
          87    0.2392295103E+02   -0.2027521988E+02
          88    0.3783905961E+01   -0.1490004032E+02
          89    0.5732182490E+01   -0.4841552667E+01
          90    0.2292016278E+01   -0.1656582791E+01
          91    0.9896591214E+01   -0.6209697355E+01
          92    0.4488154088E+01   -0.1078927547E+01
          93    0.4685851468E+01   -0.4081402929E+01
          94    0.1918394421E+01   -0.5109147862E+01
          95    0.9816711236E+01   -0.6132114075E+01
          96    0.2131156611E+01   -0.3557929233E+01
          97    0.3770195547E+01   -0.2789940111E+01
          98    0.4832541154E+00    0.3053014336E+01
          99    0.3764204090E+01   -0.5143230211E+01
         100    0.4549053205E+01   -0.3899628837E+01
