        Rank        RMSE       MaxAE  Feature_ID
           1    0.140024    0.459720  (      51    1513    2131    2001)
           2    0.141086    0.364487  (      51    1513    2061    2515)
           3    0.141269    0.380821  (      51    1513    2131    2896)
           4    0.141429    0.372088  (      51    1513    2061    2544)
           5    0.141708    0.381499  (      51    1513    2131    2778)
           6    0.142022    0.389971  (      51    1513    2131    2544)
           7    0.142173    0.425472  (      51    1513    2124    2515)
           8    0.142296    0.423102  (      51    1513    2124    2544)
           9    0.142423    0.392634  (      51    1513    2131    2515)
          10    0.142797    0.469804  (      51    1513    2060    2544)
          11    0.143037    0.473246  (      51    1513    2060    2515)
          12    0.143185    0.462834  (      51    1375    3748    2576)
          13    0.143291    0.461726  (      51    1375    2576    3741)
          14    0.143368    0.547035  (      51    1513    2131    2576)
          15    0.143690    0.406955  (      51    1375    2001    3233)
          16    0.143740    0.407375  (      51    1375    2001    3237)
          17    0.143898    0.401140  (      51    1513    2131    2648)
          18    0.144024    0.375231  (      51    1375    2192    3294)
          19    0.144078    0.464131  (      51    1513    2131    2161)
          20    0.144170    0.405164  (      51    1375    2061    2515)
          21    0.144351    0.407719  (      51    1375    2061    2544)
          22    0.144508    0.532656  (     406      54    1375    2131)
          23    0.144558    0.457422  (      51    1513    2162    2515)
          24    0.144620    0.450477  (      51    1375    2001    3712)
          25    0.144656    0.454877  (      51    1513    2162    2544)
          26    0.144740    0.551552  (      51    1513    2131    2209)
          27    0.144784    0.427425  (      51    1375    2192    3748)
          28    0.144860    0.392365  (      51    1513    2515    3070)
          29    0.144874    0.472303  (      51    1513    2060    2778)
          30    0.144887    0.398191  (      51    1375    2001    3294)
          31    0.144913    0.471179  (      51    1375    2061    2138)
          32    0.144947    0.428628  (      51    1375    2192    3741)
          33    0.145049    0.470826  (      51    1375    2163    2061)
          34    0.145066    0.496321  (      51    1513    2060    2896)
          35    0.145123    0.444353  (      51    1375    3748    2686)
          36    0.145196    0.395220  (      51    1513    2544    3070)
          37    0.145238    0.418683  (      51    1375    2131    2580)
          38    0.145305    0.556179  (      51    1513    2131    2130)
          39    0.145370    0.434418  (      51    1513    2061    2030)
          40    0.145395    0.446332  (      51    1375    2686    3741)
          41    0.145437    0.375397  (      51    1375    2138    3712)
          42    0.145517    0.437910  (      51    1513    2061    2138)
          43    0.145630    0.431040  (      51    1513    2182    2515)
          44    0.145636    0.497601  (      51    1513    2091    2544)
          45    0.145674    0.510783  (      25      51    1513    2131)
          46    0.145737    0.437702  (      51    1513    2163    2061)
          47    0.145803    0.400023  (      51    1375    2001    3306)
          48    0.145828    0.373476  (      51    1375    2163    3712)
          49    0.145832    0.433158  (      51    1513    2182    2544)
          50    0.145885    0.500889  (      51    1513    2091    2515)
          51    0.145933    0.487880  (      51    1513    2124    2896)
          52    0.145944    0.416238  (      51    1777    3556    2688)
          53    0.145944    0.416238  (      51    1777    3556    2688)
          54    0.145944    0.416238  (      51    3556    1777    2688)
          55    0.145970    0.458032  (      51    1375    2131    2896)
          56    0.145993    0.371009  (      51    1513    2131    2061)
          57    0.146004    0.444189  (      51    1513    2131    2072)
          58    0.146014    0.398574  (      51    1375    2001    3546)
          59    0.146033    0.505608  (      25     406    1375    2131)
          60    0.146076    0.346951  (      51    1375    2544    3915)
          61    0.146124    0.482878  (      51    1513    2061    2001)
          62    0.146142    0.339546  (      51    1375    2515    3915)
          63    0.146161    0.501625  (     406      54    1513    2131)
          64    0.146165    0.417796  (      51    1375    2001    3694)
          65    0.146234    0.472965  (      51    1513    2061    2648)
          66    0.146260    0.489221  (      51    1513    2515    2666)
          67    0.146318    0.486213  (      51    1513    3520    2576)
          68    0.146375    0.486664  (      51    1513    2544    2666)
          69    0.146394    0.422252  (      51    1513    2124    2648)
          70    0.146412    0.425463  (      51    1375    3748    2012)
          71    0.146419    0.427395  (      51    1375    3741    2012)
          72    0.146507    0.520980  (      51    1375    2124    2896)
          73    0.146510    0.547540  (      51    1513    2124    2001)
          74    0.146540    0.325875  (      51    1375    2131    2161)
          75    0.146561    0.489623  (      51    1513    2001    3070)
          76    0.146561    0.401093  (      51    1375    2124    2544)
          77    0.146598    0.399618  (      51    1375    2124    2515)
          78    0.146612    0.471842  (      51    1375    2544    3306)
          79    0.146643    0.474219  (      51    1513    2061    2413)
          80    0.146692    0.486282  (      51    1375    2060    2896)
          81    0.146710    0.398421  (      51    1375    2131    2001)
          82    0.146714    0.380877  (      51    1375    3233    2648)
          83    0.146734    0.470707  (      51    1375    2515    3306)
          84    0.146754    0.366945  (      51    2413    3556    1777)
          85    0.146754    0.366945  (      51    1777    2413    3556)
          86    0.146754    0.366945  (      51    1777    2413    3556)
          87    0.146767    0.381321  (      51    1375    3237    2648)
          88    0.146772    0.469962  (      51    1513    2060    2648)
          89    0.146864    0.468277  (      51    1375    2131    2778)
          90    0.146873    0.468419  (      51    1375    2060    2778)
          91    0.146947    0.505997  (      51    1375    2061    2648)
          92    0.146948    0.464251  (      51    1375    2004    3748)
          93    0.146951    0.554768  (      51    1513    2131    2142)
          94    0.146951    0.554768  (      51    1513    2131    2142)
          95    0.146955    0.558908  (      51    1513    2001    3068)
          96    0.146960    0.472739  (      51    1513    2124    2778)
          97    0.146990    0.521509  (      51    1375    2061    2001)
          98    0.146995    0.481553  (      51    1513    2001    3067)
          99    0.147000    0.378169  (      51    1375    3306    2648)
         100    0.147043    0.466252  (      51    1375    2004    3741)
