        Rank        RMSE       MaxAE  Feature_ID
           1    0.306284    1.045101  (      22)
           2    0.306798    1.142735  (      25)
           3    0.314070    1.108096  (      49)
           4    0.314537    1.089171  (      51)
           5    0.315647    1.157397  (      54)
           6    0.318192    0.910112  (      62)
           7    0.318486    1.109425  (      64)
           8    0.321299    1.169919  (      76)
           9    0.327427    1.153092  (     106)
          10    0.327755    1.036996  (     109)
          11    0.329059    1.182482  (     117)
          12    0.329846    1.010135  (     122)
          13    0.330189    1.055115  (     128)
          14    0.330510    1.044856  (     133)
          15    0.332137    1.094702  (     145)
          16    0.333194    0.853321  (     156)
          17    0.333407    1.288067  (     159)
          18    0.333699    1.081085  (     164)
          19    0.333938    0.879284  (     167)
          20    0.334653    1.295425  (     174)
          21    0.335275    1.042089  (     178)
          22    0.336957    0.928256  (     195)
          23    0.339544    1.278161  (     228)
          24    0.341952    0.910499  (     255)
          25    0.343225    1.071203  (     290)
          26    0.343849    0.989364  (     297)
          27    0.344231    1.062534  (     302)
          28    0.344340    0.946197  (     303)
          29    0.345106    1.723135  (     318)
          30    0.345690    1.227327  (     323)
          31    0.345730    1.307605  (     325)
          32    0.346816    1.266134  (     359)
          33    0.347891    1.157905  (     382)
          34    0.348149    0.861675  (     387)
          35    0.348503    0.944714  (     394)
          36    0.348553    1.089340  (     396)
          37    0.348612    1.737257  (     398)
          38    0.349091    1.084353  (     406)
          39    0.349824    0.999167  (     423)
          40    0.350154    1.317200  (     426)
          41    0.350585    1.259109  (     439)
          42    0.351465    1.067794  (     456)
          43    0.351854    0.841552  (     466)
          44    0.352404    0.959931  (     479)
          45    0.353294    0.960644  (     500)
          46    0.354242    1.266392  (     528)
          47    0.354471    1.132260  (     532)
          48    0.355442    1.257734  (     565)
          49    0.356290    1.094361  (     590)
          50    0.356350    1.099527  (     593)
          51    0.356541    1.185949  (     601)
          52    0.356872    1.176064  (     608)
          53    0.357219    1.002785  (     619)
          54    0.357243    0.895130  (     620)
          55    0.357289    1.195210  (     622)
          56    0.357439    1.008341  (     627)
          57    0.358242    1.145395  (     657)
          58    0.358452    0.946720  (     663)
          59    0.358487    1.060150  (     667)
          60    0.358530    1.802913  (     669)
          61    0.358631    1.292557  (     670)
          62    0.358709    1.088876  (     676)
          63    0.358821    1.372081  (     677)
          64    0.359079    1.398199  (     682)
          65    0.359134    1.196991  (     684)
          66    0.359381    1.261793  (     688)
          67    0.359549    1.682599  (     693)
          68    0.359870    1.114092  (     700)
          69    0.360005    1.060675  (     706)
          70    0.360289    1.253404  (     720)
          71    0.360528    1.233553  (     727)
          72    0.360554    1.263222  (     728)
          73    0.360791    1.224149  (     733)
          74    0.360852    1.468528  (     735)
          75    0.360922    1.272618  (     740)
          76    0.361023    1.282882  (     747)
          77    0.361126    0.957998  (     750)
          78    0.361632    1.784944  (     772)
          79    0.361637    1.294900  (     773)
          80    0.361841    1.221092  (     784)
          81    0.362180    1.383207  (     792)
          82    0.362471    0.971838  (     806)
          83    0.362893    1.184619  (     818)
          84    0.363121    0.908827  (     831)
          85    0.363347    1.142900  (     842)
          86    0.363561    1.279667  (     852)
          87    0.363595    1.255127  (     855)
          88    0.363803    1.305346  (     867)
          89    0.364622    1.154593  (     897)
          90    0.364704    1.749728  (     899)
          91    0.365586    1.268479  (     922)
          92    0.365590    1.324352  (     923)
          93    0.365812    1.136723  (     934)
          94    0.365814    1.040319  (     935)
          95    0.366185    1.267143  (     953)
          96    0.366326    1.089067  (     963)
          97    0.366327    1.287687  (     964)
          98    0.366496    1.289163  (     977)
          99    0.367004    1.276278  (     997)
         100    0.367108    1.313524  (    1000)
