Model_ID, [(c_i,i=0,n)_j,j=1,ntask]
           1    0.5322655566E+01    0.7533185547E+00    0.1046759188E+01   -0.2072692951E-02
           2    0.5278547949E+01    0.7219616913E+00    0.7936961770E+00   -0.6215487341E+00
           3    0.5272668002E+01    0.7220014369E+00    0.7946002012E+00   -0.6156774378E+00
           4    0.5952552563E+01    0.7321738585E+00   -0.1524653222E+01   -0.2040958520E-02
           5    0.5840391176E+01    0.7450577370E+00   -0.1175937049E+01   -0.6323070013E-01
           6    0.5456150879E+01    0.7406544761E+00   -0.1043899327E+02   -0.7848229485E+00
           7    0.5456150879E+01    0.7406544761E+00   -0.1043899327E+02   -0.7848229485E+00
           8    0.5463306217E+01    0.7405757192E+00   -0.1042226362E+02   -0.7920069739E+00
           9    0.5463306217E+01    0.7405757192E+00   -0.1042226362E+02   -0.7920069739E+00
          10    0.5760019654E+01    0.7366518102E+00   -0.1203050729E+01   -0.1368525489E-01
          11    0.5752286586E+01    0.7355948218E+00   -0.1195808923E+01   -0.4136869839E-02
          12    0.5349714438E+01    0.7611745766E+00    0.8001004826E+00   -0.6320458796E-01
          13    0.5749872642E+01    0.7065582313E+00   -0.1149353620E+01   -0.6095037361E+00
          14    0.5377174465E+01    0.7628800537E+00    0.1098796847E+01   -0.5572910592E-03
          15    0.5744129433E+01    0.7066000266E+00   -0.1150101649E+01   -0.6032865857E+00
          16    0.5259372178E+01    0.7531833889E+00    0.8206390412E+00   -0.1372347259E-01
          17    0.5254466738E+01    0.7520191869E+00    0.8153950700E+00   -0.4146621031E-02
          18    0.6345762585E+01    0.7434707317E+00   -0.1924987596E+01   -0.6342077831E-01
          19    0.6026053674E+01    0.7400235720E+00   -0.1591036572E+01   -0.5361528199E-03
          20    0.5537454177E+01    0.7692476690E+00    0.1311387219E+01   -0.6247908437E-01
          21    0.5648280502E+01    0.7319828877E+00    0.8795694265E+00   -0.1778964779E+01
          22    0.4843936902E+01    0.7664973074E+00    0.4614726748E+00   -0.5713994987E-03
          23    0.5359700769E+01    0.7596547411E+00    0.1212199359E+01   -0.1320682369E-03
          24    0.6390305756E+01    0.7243673698E+00   -0.2246017497E+01   -0.2036690980E-01
          25    0.5527004724E+01    0.7155373131E+00   -0.7725645761E+00   -0.1044949732E+01
          26    0.5323101755E+01    0.7257334170E+00   -0.2140243070E+01   -0.6487974467E+00
          27    0.5356680407E+01    0.7552381237E+00    0.1163767691E+01   -0.3631097746E-02
          28    0.5516564143E+01    0.7156233252E+00   -0.7721661336E+00   -0.1035065111E+01
          29    0.5455326435E+01    0.7672185518E+00   -0.1035831062E+01   -0.6036718791E-03
          30    0.5278735748E+01    0.7337340936E+00    0.8794072339E+00   -0.1993314046E+01
          31    0.5327997174E+01    0.7257230459E+00   -0.2131497001E+01   -0.6536877126E+00
          32    0.5342674338E+01    0.8155968479E+00   -0.2008950143E-01   -0.1527226711E+00
          33    0.6385056939E+01    0.7254475139E+00   -0.2235587901E+01   -0.6613225060E-01
          34    0.6163172147E+01    0.7145935201E+00   -0.1278104224E+01   -0.1733111084E+01
          35    0.5437749329E+01    0.7630417844E+00   -0.1108124842E+00   -0.5919219566E-03
          36    0.3952970687E+01   -0.7118837027E+00    0.1142702615E+01   -0.1590919696E+01
          37    0.6082131542E+01    0.7348086209E+00   -0.1758410767E+01   -0.1280955471E-03
          38    0.5808440246E+01    0.7162031715E+00   -0.1282828845E+01   -0.1962326838E+01
          39    0.4795390517E+01    0.7595378800E+00    0.4938757229E+00   -0.3838482693E-02
          40    0.6305359208E+01    0.7227519297E+00   -0.1926540112E+01   -0.4192578555E-02
          41    0.6641512411E+01    0.7172141539E+00   -0.5414779333E+00   -0.2379793856E+01
          42    0.5726214700E+01    0.7051617842E+00   -0.1502995364E+01   -0.1340757894E-03
          43    0.5444872810E+01    0.7667733278E+00   -0.3690080698E+00   -0.5811849488E-03
          44    0.5444872810E+01    0.7667733278E+00   -0.3690080698E+00   -0.5811849488E-03
          45    0.5403494082E+01    0.7635041452E+00    0.1264914795E+01   -0.4838746171E-03
          46    0.5310522281E+01    0.7289054038E+00   -0.4992780616E+00   -0.6382710045E+00
          47    0.5310522281E+01    0.7289054038E+00   -0.6382710045E+00   -0.4992780616E+00
          48    0.5871925812E+01    0.6914773819E+00   -0.1896334886E+01   -0.4938702339E-01
          49    0.5444479821E+01    0.8233175987E+00   -0.1896515130E-01   -0.1623848436E+00
          50    0.5465676322E+01    0.7759049666E+00    0.1297122518E+01   -0.1270497361E-03
          51    0.6043462367E+01    0.7312374960E+00   -0.1683509834E+01   -0.3469687236E-02
          52    0.5316019476E+01    0.7288670931E+00   -0.4979641363E+00   -0.6438378671E+00
          53    0.5316019476E+01    0.7288670931E+00   -0.4979641363E+00   -0.6438378671E+00
          54    0.5330885233E+01    0.7153768311E+00   -0.1268772688E+01    0.4372806679E+00
          55    0.6160682575E+01    0.7376799294E+00   -0.1838120941E+01   -0.4730546083E-03
          56    0.5455793663E+01    0.7645008860E+00   -0.4705111706E-01   -0.6012496092E-03
          57    0.4888815797E+01    0.7245045865E+00    0.3158021802E+00   -0.6088360512E+00
          58    0.5082957888E+01    0.7173075694E+00    0.1299887187E+01   -0.4971869385E-01
          59    0.5295580118E+01    0.7209538581E+00   -0.7482719717E-01   -0.6341724728E+00
          60    0.5315203332E+01    0.7521828611E+00    0.1113818712E+01   -0.5708620853E-03
          61    0.4895002851E+01    0.7244926669E+00    0.3148267640E+00   -0.6137070154E+00
          62    0.5348923630E+01    0.7219171312E+00   -0.2131067545E+00   -0.7729468535E+00
          63    0.5291500004E+01    0.7224377866E+00   -0.6475666389E+00   -0.6434882828E+00
          64    0.5301086409E+01    0.7209363417E+00   -0.7463179345E-01   -0.6397251014E+00
          65    0.5458981600E+01    0.7703817227E+00   -0.3100003944E+01   -0.5867471971E-03
          66    0.4834762439E+01    0.6834170553E+00    0.1838176938E+00   -0.8836658725E+00
          67    0.5425767244E+01    0.7654767393E+00   -0.9591358698E+00   -0.5912822530E-03
          68    0.5494323995E+01    0.7487487854E+00    0.1310542111E+01   -0.4103740447E-02
          69    0.5297081174E+01    0.7224165483E+00   -0.6457848448E+00   -0.6491111253E+00
          70    0.5341020894E+01    0.7219892955E+00   -0.2129848987E+00   -0.7652386820E+00
          71    0.5203504230E+01    0.7403781249E+00    0.1032227587E+01   -0.2504127738E-02
          72    0.5290707692E+01    0.7226009039E+00   -0.6520754536E+00   -0.6415451238E+00
          73    0.5424898733E+01    0.7655250218E+00   -0.9665279595E+00   -0.5890326596E-03
          74    0.4844580678E+01    0.6835454085E+00    0.1830245970E+00   -0.8910862697E+00
          75    0.5226006261E+01    0.7338027882E+00    0.9136524253E+00   -0.3653365128E+01
          76    0.5296309523E+01    0.7225778720E+00   -0.6503399975E+00   -0.6471981403E+00
          77    0.5302094493E+01    0.7239903208E+00   -0.2497146627E+00   -0.6283238527E+00
          78    0.5302094493E+01    0.7239903208E+00   -0.2497146627E+00   -0.6283238527E+00
          79    0.5295274885E+01    0.7543975764E+00    0.1078336505E+01   -0.4720761485E-03
          80    0.5446634721E+01    0.7742004234E+00   -0.7306820857E+00   -0.5786960708E-03
          81    0.5446634721E+01    0.7742004234E+00   -0.7306820857E+00   -0.5786960708E-03
          82    0.5444577417E+01    0.7596071260E+00   -0.1108141299E+01   -0.4023253437E-02
          83    0.5420478153E+01    0.7579800472E+00   -0.7342071638E-01   -0.5950792888E-03
          84    0.5292223561E+01    0.7545891479E+00   -0.7248724307E+00   -0.4355037252E-02
          85    0.5307527895E+01    0.7239652908E+00   -0.2490649930E+00   -0.6338356796E+00
          86    0.5307527895E+01    0.7239652908E+00   -0.2490649930E+00   -0.6338356796E+00
          87    0.5468213433E+01    0.7670926066E+00    0.1215086863E+01   -0.2087790932E-02
          88    0.3923019391E+01    0.1205831882E+01   -0.7264647962E+00   -0.1495966234E+01
          89    0.5296716281E+01    0.7557771279E+00   -0.7291503042E+00   -0.1437615438E-01
          90    0.5827088718E+01    0.7196650975E+00   -0.1505207395E+01   -0.2459333082E-02
          91    0.6232088525E+01    0.7486500786E+00   -0.1877302696E+01   -0.1224011899E-03
          92    0.4802898504E+01    0.7327768231E+00    0.8637623004E+00    0.4351543003E+00
          93    0.5983067882E+01    0.7295490150E+00   -0.1620603892E+01   -0.5567787698E-03
          94    0.5427044851E+01    0.7553309042E+00   -0.1185680980E+00   -0.3946815810E-02
          95    0.5300554649E+01    0.7233917978E+00   -0.6887758992E+00   -0.6356897989E+00
          96    0.5685452179E+01    0.6987386443E+00   -0.1976696170E+01   -0.3388951954E+01
          97    0.6056488178E+01    0.7342252922E+00   -0.2812003334E+01   -0.9096455879E+00
          98    0.5306106711E+01    0.7233658373E+00   -0.6869959878E+00   -0.6413426502E+00
          99    0.5281722839E+01    0.7518701951E+00   -0.7778704201E-01   -0.4300576043E-02
         100    0.5409922291E+01   -0.3298274368E+01   -0.1850058167E+01   -0.1625151984E-02
