Model_ID, [(c_i,i=0,n)_j,j=1,ntask]
           1    0.5336107370E+01   -0.3214038535E+01   -0.1996280068E+01
           2    0.2112868184E+01    0.1339397958E+01   -0.1903562859E+01
           3    0.5838194807E+01    0.7067746612E+00   -0.1722249333E+01
           4    0.2054880518E+01    0.1273602536E+01   -0.1754216030E+01
           5    0.5121374043E+01    0.7303325086E+00    0.1177883246E+01
           6    0.1178030526E+01    0.1388448231E+01    0.1298653045E+01
           7    0.4474833644E+01   -0.3336415674E+01    0.1356788626E+01
           8    0.5119532986E+01   -0.1060063544E+01   -0.2008526727E+01
           9    0.6206275457E+01    0.1471988308E+01   -0.1831740010E+01
          10    0.4543457467E+01    0.7333907409E+00    0.4924333741E+00
          11    0.3756402212E+00    0.1265237497E+01    0.8477848221E+00
          12    0.1186460833E+01    0.1315674176E+01    0.1167068564E+01
          13    0.5178349124E+01    0.7331205728E+00   -0.3925181238E+00
          14    0.5162982095E+01    0.7285841467E+00   -0.1171728410E+00
          15    0.5182339835E+01    0.7411687275E+00   -0.7789049055E+00
          16    0.5172955903E+01    0.7323611991E+00   -0.1087998539E+01
          17    0.5189566698E+01    0.7366351086E+00   -0.3290159966E+01
          18    0.5151827433E+01    0.7313541097E+00   -0.1024738192E+01
          19    0.5151131989E+01    0.7311813863E+00   -0.1015621673E+01
          20    0.5440680679E+01    0.1522617290E+01    0.1219075498E+01
          21    0.1247112554E+01    0.1386798467E+01   -0.5519992395E-01
          22    0.5142918960E+01    0.7230500756E+00   -0.7760184625E-01
          23    0.5175592912E+01    0.7296205477E+00   -0.4953983920E-01
          24    0.4561440356E+01    0.1487552578E+01    0.1014777104E+01
          25    0.4543833532E+01   -0.3331931029E+01   -0.5780389100E-01
          26    0.3624793849E+01    0.1344932016E+01   -0.1956973712E+01
          27    0.3392668664E+00    0.1172838790E+01    0.8739580162E-01
          28    0.1248781248E+01    0.1372767897E+01   -0.8610773256E-01
          29    0.4509964014E+01   -0.3296439189E+01   -0.9001967834E-01
          30    0.1730143442E+01    0.1334868986E+01    0.9643037509E+00
          31    0.1231025214E+01    0.1383746552E+01   -0.1279890769E+00
          32    0.1218701660E+01    0.1392870033E+01   -0.4265025237E+00
          33    0.1176670077E+01    0.1409666673E+01   -0.8492722843E+00
          34    0.4516830768E+01   -0.3323480380E+01   -0.1334263579E+00
          35    0.1218411649E+01    0.1391361134E+01   -0.1185206758E+01
          36    0.4230396868E+01   -0.1099206698E+01    0.1328151308E+01
          37    0.2090644271E+01   -0.4097128864E+00    0.8045502638E-01
          38    0.4527357512E+01   -0.3346536464E+01   -0.4453728975E+00
          39    0.1201690163E+01    0.1389286745E+01   -0.1117151611E+01
          40    0.1210590363E+01    0.1400099355E+01   -0.3579002435E+01
          41    0.1201980324E+01    0.1388920776E+01   -0.1107254527E+01
          42    0.3423472591E+01   -0.3187226377E+01    0.9243664718E+00
          43    0.4523240194E+01   -0.3342664175E+01   -0.1237547206E+01
          44    0.4537011354E+01   -0.3364653778E+01   -0.3739884744E+01
          45    0.2216966646E+01   -0.4304434312E+00    0.4610024842E+00
          46    0.4522366240E+01   -0.3387709471E+01   -0.8829887868E+00
          47    0.2396488395E+01   -0.4265914910E+00    0.2985344188E+00
          48    0.1244995449E+01    0.1314544827E+01   -0.4921839296E-01
          49   -0.2941786672E+00    0.3173000532E-02    0.2133607112E+01
          50    0.4499352148E+01   -0.3337067949E+01   -0.1163699373E+01
          51    0.4498544912E+01   -0.3336083856E+01   -0.1152959524E+01
          52    0.2240694231E+01    0.3858226183E+01   -0.2031762471E+01
          53    0.5372509899E+00    0.1391563024E+01    0.5166345902E+00
          54    0.5506365848E+01    0.1521738184E+01   -0.5227815763E-01
          55    0.7239590874E+01   -0.4163737339E+01   -0.9491857511E+00
          56    0.7235012644E+01   -0.4133146731E+01   -0.4015985974E+01
          57    0.4194979177E+01    0.7026172379E+00    0.7834741763E+00
          58    0.3811450792E+01   -0.3343900516E+01    0.5427373615E+00
          59    0.4444075828E+01    0.1461741052E+01    0.8513533790E+00
          60    0.3189361203E+00    0.1329300322E+01    0.8725403401E+00
          61    0.1244504415E+01    0.1302573451E+01   -0.7646971855E-01
          62    0.6072530819E+01   -0.3977479184E+01    0.1140561695E+01
          63    0.3928098478E+00    0.1238249741E+01    0.4901990715E+00
          64    0.7847992023E+01   -0.3929013656E+01   -0.1981100156E+01
          65    0.5507870431E+01    0.1545828173E+01   -0.8056159405E+00
          66    0.5463385868E+01    0.1506873799E+01   -0.8100065377E-01
          67    0.4093689144E+01    0.1352080673E+01    0.8924072940E-01
          68    0.7165720207E+01   -0.4094313226E+01   -0.1231950229E+01
          69    0.7166518230E+01   -0.4095347089E+01   -0.1241860181E+01
          70    0.2207991458E+01   -0.4201768289E+00    0.6936289757E-01
          71    0.4314592918E+01    0.7137207918E+00    0.8925963570E+00
          72    0.2302937832E+01   -0.4220250578E+00    0.1303065555E+00
          73    0.2796160226E+01    0.1394896183E+01   -0.5762418038E-01
          74    0.1580179787E+01    0.1224310075E+01    0.9803470757E-01
          75    0.1381062105E+01    0.8119544012E+00   -0.1875617513E+01
          76   -0.1156696821E+00    0.2190567651E+01    0.9436256989E-02
          77    0.2392632914E+01   -0.4205657038E+00    0.4268228739E-01
          78    0.3138963831E+01   -0.2932055413E+01    0.9495708020E-01
          79    0.4665403613E+00    0.1286098974E+01    0.9057906343E+00
          80    0.1838686907E+01    0.1359656956E+01    0.1080721608E+01
          81    0.1242804617E+01    0.4009019131E+01    0.1380622840E+01
          82    0.2706508874E+01    0.1393801555E+01    0.1295326246E+01
          83    0.1222372853E+01    0.1311434721E+01   -0.1116619610E+00
          84    0.2780072244E+01    0.1379931691E+01   -0.8958593115E-01
          85    0.3861954151E+00    0.1352450754E+01    0.9913274088E+00
          86    0.5474397122E+01    0.1517935826E+01   -0.1193636176E+00
          87    0.1212021054E+01    0.1319094820E+01   -0.3722993383E+00
          88    0.2288886709E+01   -0.4324182968E+00    0.4780714949E-01
          89    0.3555304702E+01   -0.3245030087E+01    0.1042199946E+01
          90    0.6437958003E+01   -0.4102763933E+01    0.5757649239E+00
          91    0.5466857410E+01    0.1524079304E+01   -0.1049419594E+01
          92    0.4349434764E+01    0.1428543090E+01    0.5127270059E+00
          93    0.5505982266E+01    0.1535206193E+01   -0.3357351383E+01
          94    0.3349523613E+01   -0.3108498744E+01    0.5519810194E+00
          95    0.2838624400E+00    0.1228339809E+01    0.9018531310E-01
          96    0.7189232903E+01   -0.4103193684E+01   -0.4658632865E+00
          97    0.5465716014E+01    0.1523673019E+01   -0.1039360909E+01
          98    0.5488607741E+01    0.1527283695E+01   -0.3971773333E+00
          99    0.5588182870E+00    0.1954842599E+01   -0.2178836635E+01
         100    0.1211641710E+01    0.1317910696E+01   -0.1034501208E+01
