        Rank        RMSE       MaxAE  Feature_ID
           1    0.159340    0.582579  (      51    1513    2001)
           2    0.159620    0.472976  (      51    1513    2544)
           3    0.159629    0.471486  (      51    1513    2515)
           4    0.160188    0.499051  (      51    1375    2001)
           5    0.160877    0.433765  (      51    1375    2192)
           6    0.161742    0.480152  (      51    1930    2515)
           7    0.161742    0.480152  (      51    1930    2515)
           8    0.161749    0.482118  (      51    1930    2544)
           9    0.161749    0.482118  (      51    1930    2544)
          10    0.161956    0.431733  (      51    1375    2138)
          11    0.162124    0.431164  (      51    1375    2163)
          12    0.162202    0.516783  (      51    1513    2192)
          13    0.162234    0.560228  (      51    1375    2544)
          14    0.162319    0.576170  (      51    1513    2030)
          15    0.162379    0.559143  (      51    1375    2515)
          16    0.162668    0.443401  (      51    1513    2138)
          17    0.162917    0.440233  (      51    1513    2163)
          18    0.163722    0.557149  (      51    1375    2112)
          19    0.165290    0.442157  (      51    1375    2030)
          20    0.165926    0.716592  (      51    1513    2112)
          21    0.165978    0.450501  (      51    1513    2413)
          22    0.166023    0.497697  (      51    1762    2030)
          23    0.166890    0.723255  (      51    1513    2004)
          24    0.167139    0.558599  (      51    1375    2206)
          25    0.167234    0.648470  (      51    1520    2544)
          26    0.167378    0.552140  (      51    1505    2515)
          27    0.167399    0.642129  (      51    1513    2070)
          28    0.167488    0.647048  (      51    1520    2515)
          29    0.167535    0.472206  (      51    1838    2030)
          30    0.167567    0.499815  (      51    1513    2274)
          31    0.167863    0.555042  (      51    1505    2544)
          32    0.167929    0.407412  (      51    2117    2192)
          33    0.167983    0.553928  (      51    1375    2223)
          34    0.168310    0.484459  (      51    1375    2413)
          35    0.168448    0.440953  (      51    1877    2030)
          36    0.168453    0.688460  (     406      54    1375)
          37    0.168461    0.468823  (      51    1375    2004)
          38    0.168488    0.528439  (      51    1375    2274)
          39    0.168575    0.506010  (      51    1762    2070)
          40    0.168663    0.515956  (      51    1375    2184)
          41    0.169292    0.587366  (      51    1993    1375)
          42    0.169343    0.463807  (      51    1375    2161)
          43    0.169537    0.444306  (      51    1945    2030)
          44    0.169537    0.444306  (      51    1945    2030)
          45    0.169736    0.766988  (      51    1513    2017)
          46    0.170039    0.551777  (      51    1972    2515)
          47    0.170039    0.551777  (      51    2515    1972)
          48    0.170127    0.549650  (      51    1375    2061)
          49    0.170193    0.404744  (      51    2082    2192)
          50    0.170229    0.754743  (      51    1513    2158)
          51    0.170229    0.465558  (      51    1375    2070)
          52    0.170243    0.553922  (      51    1972    2544)
          53    0.170243    0.553922  (      51    1972    2544)
          54    0.170266    0.497463  (      51    1375    2259)
          55    0.170465    0.509085  (      51    1375    2017)
          56    0.170505    0.442966  (      51    1808    2030)
          57    0.170580    0.561647  (      51    1762    2515)
          58    0.170584    0.516205  (      51    1513    2061)
          59    0.170730    0.590506  (      51    1877    2515)
          60    0.170881    0.649619  (      51    1513    2058)
          61    0.170917    0.564003  (      51    1762    2544)
          62    0.170927    0.552514  (      51    1612    2544)
          63    0.170927    0.572648  (      51    1799    2515)
          64    0.170927    0.592533  (      51    1877    2544)
          65    0.170932    0.454703  (      51    1505    2030)
          66    0.171074    0.453240  (      51    1073    2515)
          67    0.171117    0.461200  (      51    1799    2030)
          68    0.171125    0.723505  (      51    1513    2184)
          69    0.171134    0.574790  (      51    1799    2544)
          70    0.171207    0.551669  (      51    1612    2515)
          71    0.171264    0.585067  (      51    1513    2038)
          72    0.171272    0.573261  (      51    1823    2515)
          73    0.171274    0.468599  (      51    1823    2030)
          74    0.171286    0.455702  (      51    1073    2544)
          75    0.171411    0.477097  (      51    1513    2316)
          76    0.171462    0.575354  (      51    1823    2544)
          77    0.171471    0.592327  (      51    1945    2515)
          78    0.171471    0.592327  (      51    1945    2515)
          79    0.171493    0.594114  (      51    1513    2081)
          80    0.171545    0.510187  (      51    1972    2030)
          81    0.171545    0.510187  (      51    1972    2030)
          82    0.171585    0.539909  (      51    1838    2070)
          83    0.171628    0.462523  (      51    1880    2030)
          84    0.171640    0.399670  (      51    1838    2163)
          85    0.171666    0.594337  (      51    1945    2544)
          86    0.171666    0.594337  (      51    1945    2544)
          87    0.171750    0.704584  (      51    1513    2395)
          88    0.171769    0.662806  (      25     406    1375)
          89    0.171829    0.402223  (      51    1838    2138)
          90    0.171898    0.515341  (      51    1375    2038)
          91    0.171900    0.446978  (      51    1375    2158)
          92    0.171900    0.604291  (      51    1513    2259)
          93    0.171951    0.442835  (      51    1375    2058)
          94    0.172133    0.506409  (      51    1877    2070)
          95    0.172180    0.614732  (      51    1838    2515)
          96    0.172187    0.509382  (      51    1375    2195)
          97    0.172351    0.666704  (      51    1368    2515)
          98    0.172355    0.616672  (      51    1838    2544)
          99    0.172370    0.384020  (      51    1877    2163)
         100    0.172380    0.537313  (     290    1375    2001)
