Model_ID, [(c_i,i=0,n)_j,j=1,ntask]
           1    0.5269489933E+01    0.7500382155E+00    0.9640733047E+00   -0.1332829560E-01   -0.1815513274E-02
           2    0.5213845535E+01    0.7147779155E+00    0.9606751798E+00   -0.3435768948E-01   -0.4843359363E+00
           3    0.5282567861E+01    0.7312305627E+00    0.7974105619E+00   -0.1505653586E-01   -0.8411878885E+00
           4    0.5218283324E+01    0.7148250648E+00    0.9602954863E+00   -0.3413199243E-01   -0.4875224364E+00
           5    0.5126914191E+01    0.7335586614E+00    0.7958916081E+00   -0.1597544639E-01   -0.1903368435E+01
           6    0.5229956288E+01    0.7226886202E+00    0.7505783915E+00   -0.1285421378E-01   -0.5369069423E+00
           7    0.5386849692E+01    0.7378464244E+00    0.8455407451E+00   -0.1823719610E-01   -0.5699032775E+00
           8    0.5391723997E+01    0.7377668396E+00    0.8449959314E+00   -0.1817636267E-01   -0.5747445310E+00
           9    0.5224721956E+01    0.7227483728E+00    0.7532041775E+00   -0.1274062975E-01   -0.5302263487E+00
          10    0.5423707793E+01    0.7421093437E+00    0.8770488794E+00   -0.3026166181E-02   -0.5296181267E+00
          11    0.5417570030E+01    0.7420549435E+00    0.8782579577E+00   -0.3010021901E-02   -0.5236830856E+00
          12    0.6773577022E+01    0.7956457105E+00   -0.1725362638E+01    0.1334742230E+01   -0.1337056342E-01
          13    0.6773318774E+01    0.7956055990E+00   -0.1727521861E+01   -0.1341481714E-01    0.1313694053E+01
          14    0.5540270058E+01    0.7981835544E+00    0.1057995625E+01   -0.1282325154E-01   -0.1086715498E-01
          15    0.5958808927E+01    0.7274369520E+00   -0.1679323826E+01   -0.2200555067E-02    0.1015636147E+01
          16    0.5958668099E+01    0.7274504898E+00   -0.1679352393E+01   -0.2197784581E-02    0.1008205251E+01
          17    0.5316243261E+01    0.7648753551E+00    0.7634533028E+00   -0.1326032367E-01   -0.3420315866E-01
          18    0.1038129566E+02    0.7419976690E+00   -0.1270630640E+01   -0.7612255252E-01   -0.4534404993E+01
          19    0.5062826382E+01    0.7256747111E+00    0.8997638105E+00   -0.1670799217E-01   -0.1243188822E-03
          20    0.5789150555E+01    0.6959591322E+00   -0.1402238750E+01   -0.3448264272E-01   -0.4655909950E+00
          21    0.5793586477E+01    0.6959976329E+00   -0.1401890184E+01   -0.3425546225E-01   -0.4692938170E+00
          22    0.3780082583E+01   -0.7012717127E+00    0.1187763969E+01   -0.1373310411E+01   -0.1513013510E-01
          23    0.5375946648E+01    0.7345030546E+00    0.8674999050E+00   -0.1210884773E+00   -0.5685819382E+00
          24    0.6031260016E+01    0.7323119531E+00   -0.1726497762E+01   -0.2521762017E-02    0.2802094778E+00
          25    0.5380896628E+01    0.7344352114E+00    0.8668158893E+00   -0.1207065683E+00   -0.5735376820E+00
          26    0.5364115443E+01    0.7550581333E+00    0.1123218299E+01   -0.1701443846E-01   -0.2071617857E-01
          27    0.6229928925E+01    0.7510456964E+00   -0.1197974327E+01   -0.6659270399E-01    0.1271632016E+01
          28    0.5387111284E+01    0.7310218506E+00    0.7639367797E+00   -0.6385697058E+00   -0.8745659098E+00
          29    0.5361179764E+01    0.7566118429E+00    0.9578123946E+00   -0.3633182209E-02   -0.1820546929E+01
          30    0.1026430646E+02    0.7264408596E+00   -0.1684134466E+01   -0.2405472584E-02   -0.4285610028E+01
          31    0.5801390010E+01    0.7192002297E+00   -0.1443758370E+01   -0.3367684298E-01   -0.1046954621E-01
          32    0.6227154124E+01    0.7508388941E+00   -0.1198546461E+01   -0.6676909386E-01    0.1248755407E+01
          33    0.5795559915E+01    0.7183590703E+00   -0.1438714008E+01   -0.3162187990E-02   -0.3372305244E-01
          34    0.5493029071E+01    0.7526998098E+00    0.9510368575E+00   -0.3368514953E-02   -0.8026522082E+00
          35    0.6346203685E+01    0.7419211651E+00   -0.1274876044E+01    0.1807835420E+01   -0.5451644510E-01
          36    0.5391426363E+01    0.7308996883E+00    0.7644558256E+00   -0.6426114691E+00   -0.8643939130E+00
          37    0.6354020092E+01    0.7247211236E+00   -0.2120386918E+01   -0.1272553450E-01   -0.4411180301E-01
          38    0.5328337030E+01    0.7455735980E+00    0.1122120957E+01   -0.1723373118E-01   -0.1791992765E+00
          39    0.5290525454E+01    0.7463350640E+00    0.1200294088E+01   -0.3372816596E-01   -0.4252924645E-03
          40    0.6342985695E+01    0.7415680503E+00   -0.1276485969E+01   -0.5467257518E-01    0.1778110164E+01
          41    0.5793561804E+01    0.7383919132E+00   -0.1326157073E+01   -0.1727890889E-01    0.2926755450E+00
          42    0.5200437366E+01    0.7388793928E+00    0.9885903475E+00   -0.3391154078E-01   -0.1046834286E-01
          43    0.5197580990E+01    0.7255810759E+00    0.9112138057E+00    0.2408703565E+00   -0.4875384811E+00
          44    0.5409159507E+01    0.7372414811E+00    0.9097698944E+00   -0.1985171911E-01   -0.5285008825E+00
          45    0.3901361154E+01    0.1137488212E+01    0.5131812432E+00    0.7697601752E+00   -0.1806664325E-01
          46    0.5196505271E+01    0.7379527275E+00    0.9851277886E+00   -0.3158487316E-02   -0.3396749566E-01
          47    0.5499641504E+01    0.7234519651E+00   -0.1657703089E+01   -0.1971649828E-02   -0.4059859394E+00
          48    0.5783642505E+01    0.7370276550E+00   -0.1316549570E+01   -0.5212953730E-02    0.2906835257E+00
          49    0.5202291709E+01    0.7255492587E+00    0.9107395959E+00    0.2395749681E+00   -0.4914762857E+00
          50    0.5402907609E+01    0.7371930128E+00    0.9106948182E+00   -0.1971838668E-01   -0.5226257882E+00
          51    0.5457553696E+01    0.7482716395E+00    0.9235621374E+00   -0.1977093543E-01   -0.8723933072E+00
          52    0.4802211050E+01    0.7502785563E+00    0.5814670694E+00    0.3754308152E+01   -0.6649530234E-01
          53    0.4802211050E+01    0.7502785563E+00    0.5814670694E+00    0.3754308152E+01   -0.6649530234E-01
          54    0.4802211050E+01    0.7502785563E+00    0.3754308152E+01    0.5814670694E+00   -0.6649530234E-01
          55    0.5760117719E+01    0.7159661879E+00   -0.1139132485E+01   -0.1349116681E-01   -0.8668794225E+00
          56    0.5054305409E+01    0.7180307555E+00    0.1175394235E+01   -0.1523782125E-01   -0.4508931922E-01
          57    0.5198610460E+01    0.7411820440E+00    0.9569017030E+00   -0.1639680961E-01   -0.3157187898E-01
          58    0.6069117620E+01    0.7290501800E+00   -0.1674642892E+01   -0.2179639592E-02   -0.1226913953E+00
          59    0.3708025400E+01    0.1288584364E+01   -0.7068364206E+00   -0.1250145877E+01   -0.1584500664E-01
          60    0.5733462576E+01    0.7136276976E+00   -0.1108284462E+01   -0.5660171447E+00    0.8059201605E-03
          61    0.5249723293E+01    0.7396626083E+00    0.1154079310E+01   -0.3066275679E-01   -0.1565644164E-02
          62    0.5728017263E+01    0.7136849640E+00   -0.1108446479E+01   -0.5605779885E+00    0.8080394836E-03
          63    0.3116100584E+01   -0.7055819067E+00    0.1258328660E+01    0.9066339244E+00   -0.1721883349E-01
          64    0.6029658356E+01    0.7185778753E+00   -0.1678649113E+01   -0.2211799528E-02   -0.1262844702E+00
          65    0.5290799659E+01    0.7522247319E+00    0.9829511593E+00   -0.3328705606E-01   -0.2994218127E-01
          66    0.5432172486E+01    0.7458705607E+00    0.9147907710E+00   -0.5599937428E+00   -0.8702909460E-03
          67    0.5614420078E+01    0.7945280026E+00    0.1288487045E+01   -0.7339336962E-03   -0.1202566995E-01
          68    0.5436689848E+01    0.7457472799E+00    0.9139320424E+00   -0.5648309206E+00   -0.8667554554E-03
          69    0.5478888544E+01    0.7820808648E+00    0.8661507367E+00   -0.1776340975E-01   -0.3610988877E-01
          70    0.6547981675E+01    0.7429866796E+00   -0.1724619738E+01    0.1404233903E+01   -0.2347574299E-02
          71    0.6548541922E+01    0.7428129029E+00   -0.1726995770E+01    0.1386420739E+01   -0.2358691408E-02
          72    0.6009456224E+01    0.7293218392E+00   -0.1339019586E+01   -0.1894111556E-01   -0.8790380168E+00
          73    0.5411300775E+01    0.7642313876E+00    0.1080230817E+01   -0.1597214041E-01   -0.1854319947E-02
          74    0.5607529148E+01    0.7077108128E+00   -0.1308712387E+01   -0.1482167569E-01   -0.1312086862E-03
          75    0.5427581685E+01    0.7624192250E+00    0.1029101480E+01   -0.2110387500E-02   -0.8138684916E+00
          76    0.5883897751E+01    0.7208981540E+00   -0.1212436496E+01   -0.1745110683E-01   -0.5663218498E+00
          77    0.5878937180E+01    0.7209872717E+00   -0.1212760717E+01   -0.1751253271E-01   -0.5610196502E+00
          78    0.5282384547E+01    0.6983453347E+00   -0.1294562882E+01   -0.5955593054E+00   -0.4245038743E+00
          79    0.5495823489E+01    0.7222217876E+00    0.1038007471E+01   -0.3576761141E-01   -0.1357540504E+01
          80    0.6051131030E+01    0.7326752917E+00   -0.1368153330E+01   -0.3140900637E-02   -0.8181404469E+00
          81    0.5847526428E+01    0.7315640764E+00   -0.1390802844E+01   -0.1144978527E-01   -0.1835870264E-02
          82    0.5868638592E+01    0.7514377894E+00   -0.1311702682E+01    0.1021915256E+01   -0.4246243615E-01
          83    0.5276206091E+01    0.6983766594E+00   -0.1295289067E+01   -0.5896498368E+00   -0.4249928771E+00
          84    0.5361268498E+01    0.7341758699E+00   -0.2315068488E+01    0.3778363107E+01    0.5569525009E+00
          85    0.5361268498E+01    0.7341758699E+00    0.5569525009E+00   -0.2315068488E+01    0.3778363107E+01
          86    0.5361268498E+01    0.7341758699E+00    0.5569525009E+00   -0.2315068488E+01    0.3778363107E+01
          87    0.5868607787E+01    0.7514162316E+00   -0.1312236403E+01    0.1014273137E+01   -0.4240384260E-01
          88    0.5502719188E+01    0.7827679491E+00    0.8982603710E+00   -0.2976919600E-02   -0.3309273104E-01
          89    0.5596972869E+01    0.7184387958E+00   -0.1134482355E+01   -0.1446998918E-01   -0.1955088418E+01
          90    0.5920130755E+01    0.7365347337E+00   -0.1377543212E+01   -0.3410495354E-02   -0.1849116429E+01
          91    0.5883876720E+01    0.7321206348E+00   -0.1436258551E+01   -0.3324813388E-01   -0.2943053465E-01
          92    0.6581214813E+01    0.7435050771E+00   -0.1824472605E+01   -0.1462939005E-03    0.1516561661E+01
          93    0.5309526007E+01    0.7430847583E+00    0.1107838664E+01   -0.1731321044E-01   -0.3490019425E-01
          94    0.5309526007E+01    0.7430847583E+00    0.1107838664E+01   -0.1731321044E-01   -0.3490019425E-01
          95    0.5291071504E+01    0.7546702967E+00    0.1038042436E+01   -0.2178409722E-02   -0.1053051714E+00
          96    0.5306619729E+01    0.7517505729E+00    0.9318068616E+00   -0.2102960993E-01   -0.1965338266E+01
          97    0.5944850754E+01    0.7162767911E+00   -0.1682613473E+01   -0.3074406734E-01   -0.1528749236E-02
          98    0.5060283897E+01    0.7523720558E+00    0.1029163079E+01   -0.2030359811E-02    0.3374318109E+00
          99    0.5391265313E+01    0.7449607224E+00   -0.1330075938E+01   -0.4312061411E+00   -0.3842153163E-01
         100    0.6580741845E+01    0.7432802407E+00   -0.1827376017E+01   -0.1469030750E-03    0.1494716161E+01
