        Rank        RMSE       MaxAE  Feature_ID
           1    0.200650    0.635130  (     290    1375)
           2    0.202936    0.799528  (     164    1375)
           3    0.205115    0.523385  (      51    1375)
           4    0.205292    0.706933  (      62    1375)
           5    0.205880    0.806493  (      51    1513)
           6    0.205953    0.852023  (     164    1513)
           7    0.206096    0.682042  (     290    1513)
           8    0.208153    0.648144  (     406    1375)
           9    0.208710    0.662221  (     117    1375)
          10    0.210898    0.569451  (      51    1762)
          11    0.212390    0.728967  (      62    1991)
          12    0.213896    0.699450  (      62    1513)
          13    0.215117    0.661197  (      51    1945)
          14    0.215876    0.657336  (      51    1877)
          15    0.216328    0.735733  (      51    1972)
          16    0.216951    0.686625  (      51    1838)
          17    0.217041    0.558761  (      51    1505)
          18    0.217650    0.688584  (      51    1823)
          19    0.217862    0.680054  (      51    1799)
          20    0.218272    0.679046  (     117    1513)
          21    0.218596    0.866039  (     164    1808)
          22    0.218830    0.658959  (      51    1880)
          23    0.218882    0.621840  (      51    1808)
          24    0.219047    0.722231  (     117    1921)
          25    0.219107    0.697138  (     290    1808)
          26    0.219143    0.619009  (     423    1375)
          27    0.219179    0.757188  (      62    1693)
          28    0.219466    0.855561  (     164    1880)
          29    0.220443    0.687556  (     290    1880)
          30    0.220614    0.530217  (     423    1991)
          31    0.220726    0.847266  (     164    1877)
          32    0.221509    0.847770  (     164    1945)
          33    0.222204    0.839935  (     164    1972)
          34    0.222811    0.676508  (     290    1877)
          35    0.222882    0.853849  (     164    1838)
          36    0.222979    0.928601  (     406    1513)
          37    0.223060    0.632813  (      22    1693)
          38    0.223223    0.676245  (     290    1945)
          39    0.223442    0.855546  (     164    1823)
          40    0.223524    0.844596  (     164    1505)
          41    0.223673    0.856407  (     164    1799)
          42    0.224530    0.638552  (     290    1991)
          43    0.224719    0.682721  (     290    1838)
          44    0.225271    0.672053  (     290    1505)
          45    0.225357    0.659775  (      22    1016)
          46    0.225435    0.664564  (     290    1972)
          47    0.225548    0.702772  (      22    1073)
          48    0.225598    0.699358  (      62    1808)
          49    0.225830    0.754841  (     466      25)
          50    0.226023    0.684053  (     290    1823)
          51    0.226378    0.684881  (     290    1799)
          52    0.226395    0.633983  (     818    1375)
          53    0.226604    0.851483  (     164    1762)
          54    0.226618    0.741448  (     117    1808)
          55    0.226771    0.792597  (     677    1972)
          56    0.226771    0.615332  (     677    1505)
          57    0.226805    0.721630  (      51    1991)
          58    0.226974    0.698910  (     290    1762)
          59    0.227296    0.783247  (     117    1991)
          60    0.227412    0.758051  (     164    1991)
          61    0.227421    0.711132  (      62    1880)
          62    0.227807    0.858431  (     677    1921)
          63    0.228327    0.756327  (      62    1016)
          64    0.229068    0.699470  (     677    1375)
          65    0.229134    0.768026  (     117    1972)
          66    0.229215    0.766487  (     117    1880)
          67    0.229272    0.684168  (     117    1693)
          68    0.229497    0.722432  (     677    1799)
          69    0.229525    0.731618  (     677    1823)
          70    0.229620    0.682132  (      22    1553)
          71    0.229707    0.679790  (      51    1921)
          72    0.229946    0.553740  (      22    1447)
          73    0.230263    0.695616  (     423    1808)
          74    0.230766    0.566628  (     423    1693)
          75    0.231214    0.626228  (     394    1375)
          76    0.231308    0.776502  (      25     806)
          77    0.231372    0.662163  (      22    1709)
          78    0.231484    0.630666  (     290    1693)
          79    0.231621    0.790078  (      62    1921)
          80    0.231642    0.594609  (     423    1921)
          81    0.231661    0.793864  (     818    1513)
          82    0.231944    0.839884  (     423    1513)
          83    0.231980    0.718929  (      62    1877)
          84    0.232060    0.731370  (     423    1880)
          85    0.232223    0.648859  (     164    1921)
          86    0.232245    0.791812  (     117    1877)
          87    0.232256    0.722875  (      62    1945)
          88    0.232446    0.562469  (      22    1184)
          89    0.232547    0.644870  (     290    1921)
          90    0.232573    0.649875  (     677    1762)
          91    0.232737    0.785937  (     117    1823)
          92    0.232739    0.749277  (     117    1016)
          93    0.233019    0.815205  (     117    1505)
          94    0.233043    0.615585  (     290    1016)
          95    0.233065    0.754393  (     164    1693)
          96    0.233097    0.682614  (     677    1945)
          97    0.233108    0.789958  (     117    1799)
          98    0.233128    0.799363  (     117    1945)
          99    0.233270    0.696281  (      25      64)
         100    0.233294    0.729687  (      62    1838)
