     Index       y_measurement           y_fitting        descriptor_1        descriptor_2        descriptor_3        descriptor_4
         1    0.2417000000E+01    0.2650767590E+01   -0.4393761843E+01   -0.1774420547E+01    0.5415481673E+00    0.2499393809E-03
         2    0.2375000000E+01    0.2436920477E+01   -0.4089815952E+01   -0.1101177997E+01    0.9621903702E+00    0.5901964264E+01
         3    0.6730000000E+00    0.7462145697E+00   -0.1420026354E+00   -0.1420422112E+01    0.7647274409E+00    0.9013346371E-03
         4    0.7530000000E+00    0.7010426926E+00   -0.1380079992E+00   -0.1670311187E+01    0.5053072417E+00    0.5811005816E+00
         5    0.9360000000E+00    0.9771929830E+00   -0.2259920502E+00   -0.6344965502E+00    0.8825437380E+00    0.6281774471E-02
         6    0.8530000000E+00    0.9849888488E+00   -0.3294405752E+00   -0.8548836786E+00    0.7647274409E+00    0.1204768878E-02
         7    0.9260000000E+00    0.1065061293E+01   -0.2398890057E+00   -0.4671568007E+00    0.6600082422E+00    0.7874313591E-03
         8    0.9410000000E+00    0.9675049145E+00   -0.2605651634E+00   -0.6984325616E+00    0.9305732343E+00    0.2606077367E-01
         9    0.1015000000E+01    0.8797225000E+00   -0.4768159939E+00   -0.1625740329E+01    0.5536520302E+00    0.7686098801E-02
        10    0.1783000000E+01    0.1909595803E+01   -0.2355664028E+01   -0.8166053812E+00    0.8601713726E+00    0.1873322148E+00
        11    0.1216000000E+01    0.1253777604E+01   -0.9519672187E-01   -0.4865581247E+00   -0.9542588778E+00    0.6701087438E-01
        12    0.8750000000E+00    0.9545583309E+00   -0.5590481312E+00   -0.1345961761E+01    0.7708122032E+00    0.1055195622E+00
        13    0.6930000000E+00    0.1016611715E+01   -0.3814739808E+00   -0.9102779494E+00    0.6192323651E+00    0.3881508852E-01
        14    0.9740000000E+00    0.9380083106E+00   -0.2113240428E+00   -0.8564720464E+00    0.7154842485E+00    0.1982025910E-02
        15    0.1044000000E+01    0.9927767486E+00   -0.1451229076E+00   -0.6141024875E+00    0.5920381765E+00    0.1918468744E-02
        16    0.1234000000E+01    0.1167738024E+01   -0.7227244906E+00   -0.8317741218E+00    0.7708122032E+00    0.1311614310E+00
        17    0.1137000000E+01    0.1016926951E+01   -0.4670682376E+00   -0.9048071183E+00    0.8678994282E+00    0.4500137759E-01
        18    0.8170000000E+00    0.9852455437E+00   -0.2839139701E+00   -0.8054915674E+00    0.7154842485E+00    0.2214050749E-02
        19    0.8940000000E+00    0.9426870436E+00   -0.2480583994E+00   -0.7086286574E+00    0.6813765137E+00    0.1828648383E+01
        20    0.8490000000E+00    0.7149202354E+00   -0.3393026415E+00   -0.1967547667E+01    0.6115671161E+00    0.3395880525E-02
        21    0.1008000000E+01    0.1002787499E+01   -0.3754623558E+00   -0.9182293528E+00    0.6808881056E+00    0.2953087909E-02
        22    0.9080000000E+00    0.1072846731E+01   -0.2608138051E+00   -0.4741292902E+00    0.6600082422E+00    0.8173303877E-03
        23    0.1234000000E+01    0.1156533362E+01   -0.7509501592E+00   -0.9225131169E+00    0.7708122032E+00    0.1253113281E+00
        24    0.9460000000E+00    0.8482803639E+00   -0.3648679559E+00   -0.1357210677E+01    0.8678994282E+00    0.3479493299E-01
        25    0.2121000000E+01    0.2081269648E+01   -0.2698225282E+01   -0.7825801570E+00    0.8689088294E+00    0.5340185636E-02
        26    0.1147000000E+01    0.1037424033E+01   -0.3151512372E+00   -0.6374863204E+00    0.7529340548E+00    0.4565496585E-01
        27    0.1092000000E+01    0.1101266885E+01   -0.7574353190E+00   -0.1141799022E+01    0.7708122032E+00    0.1011218491E+00
        28    0.1013000000E+01    0.9810904979E+00   -0.3086663017E+00   -0.8370472554E+00    0.7529340548E+00    0.3372286124E-01
        29    0.2399000000E+01    0.2267621555E+01   -0.3263425621E+01   -0.1080082072E+01    0.7529163151E+00    0.4322225509E+00
        30    0.1324000000E+01    0.1187308049E+01   -0.5217711568E+00   -0.6347990963E+00    0.4306171578E+00    0.5695013281E-02
        31    0.1217000000E+01    0.1167284854E+01   -0.6854287487E+00   -0.9149515340E+00    0.5536520302E+00    0.1075172319E-01
        32    0.9580000000E+00    0.8741345618E+00   -0.1946474464E+00   -0.9329427648E+00    0.9305732343E+00    0.1994002197E-01
        33    0.8320000000E+00    0.9019067537E+00   -0.1205544866E+00   -0.6660650057E+00    0.9948827983E+00    0.1232876445E-03
        34    0.1151000000E+01    0.1008898706E+01   -0.2381065727E+00   -0.5055054933E+00    0.8299976423E+00    0.5503148104E+00
        35    0.8250000000E+00    0.8533320927E+00   -0.1385144489E+00   -0.7137267053E+00    0.6813765137E+00    0.3013861481E+01
        36    0.1104000000E+01    0.1037323357E+01   -0.2748983779E+00   -0.5964716037E+00    0.7154842485E+00    0.2849689261E-02
        37    0.8260000000E+00    0.8742837923E+00   -0.1544173730E+00   -0.9125505732E+00    0.6813765137E+00    0.8863848717E+00
        38    0.8810000000E+00    0.9563599025E+00   -0.2607396880E+00   -0.6984325616E+00    0.6813765137E+00    0.1667889515E+01
        39    0.1072000000E+01    0.1091311665E+01   -0.2845465186E+00   -0.4462393320E+00    0.6600082422E+00    0.8799723535E-03
        40    0.1163000000E+01    0.8579142584E+00   -0.6571177305E+00   -0.8090893731E+00    0.9821109998E+00    0.8093670933E+01
        41    0.9870000000E+00    0.9933670677E+00   -0.2662141400E+00   -0.6117657474E+00    0.9305732343E+00    0.2841949531E-01
        42    0.2086000000E+01    0.2078589519E+01   -0.2667165482E+01   -0.7392753262E+00    0.8689088294E+00    0.5113245920E-02
        43    0.2373000000E+01    0.2453228426E+01   -0.3712524603E+01   -0.1219501326E+01    0.7357576500E+00    0.2195193473E-01
        44    0.1741000000E+01    0.1559356138E+01   -0.1588274425E+01   -0.9191054820E+00    0.7015705919E+00    0.6127523246E-04
        45    0.9860000000E+00    0.8492721729E+00   -0.2330346767E+00   -0.1288901546E+01    0.6075430751E+00    0.1498797437E-03
        46    0.1221000000E+01    0.9958352910E+00   -0.2074086883E+00   -0.5055054933E+00    0.8299976423E+00    0.5150395878E+00
        47    0.2253000000E+01    0.2404613085E+01   -0.3467367412E+01   -0.1056480735E+01    0.6031675361E+00    0.4952628415E-01
        48    0.1041000000E+01    0.1002407554E+01   -0.2542253279E+00   -0.5891753680E+00    0.8825437380E+00    0.6998973760E-02
        49    0.9780000000E+00    0.1012356318E+01   -0.2250562592E+00   -0.5020192485E+00    0.8825437380E+00    0.8279989911E-02
        50    0.2058000000E+01    0.1994626627E+01   -0.2508704770E+01   -0.7794869548E+00    0.8689088294E+00    0.3893848557E-02
        51    0.2200000000E+01    0.2248542743E+01   -0.3470256885E+01   -0.1056480735E+01    0.9621903702E+00    0.3185563651E+01
        52    0.2120000000E+01    0.2117254032E+01   -0.2736790905E+01   -0.8506306055E+00    0.6457427874E+00    0.4598789912E-03
        53    0.7820000000E+00    0.8709922128E+00   -0.2667475375E+00   -0.1175192173E+01    0.7529340548E+00    0.2492952055E-01
        54    0.8700000000E+00    0.8113678887E+00   -0.1748520640E+00   -0.1341509773E+01    0.5053072417E+00    0.4287151705E+00
        55    0.1017000000E+01    0.1041312651E+01   -0.2805544409E+00   -0.5913735558E+00    0.7154842485E+00    0.2688774001E-02
        56    0.7840000000E+00    0.9744034052E+00   -0.3736027157E+00   -0.1054006047E+01    0.6192323651E+00    0.3521632033E-01
        57    0.2274000000E+01    0.2183280308E+01   -0.2798638942E+01   -0.7114365064E+00    0.6457427874E+00    0.5181923777E-03
        58    0.2090000000E+01    0.2081305667E+01   -0.2689278352E+01   -0.7671141460E+00    0.8689088294E+00    0.5187981482E-02
        59    0.8470000000E+00    0.1021431039E+01   -0.2701741553E+00   -0.6474520827E+00    0.7154842485E+00    0.2481606075E-02
        60    0.2149000000E+01    0.2044651432E+01   -0.2602641921E+01   -0.7547413372E+00    0.8689088294E+00    0.4413942256E-02
        61    0.1039000000E+01    0.1037360569E+01   -0.3854234619E+00   -0.9581873152E+00    0.4306171578E+00    0.3671571302E-02
        62    0.2491000000E+01    0.2528123127E+01   -0.4139163722E+01   -0.1568690628E+01    0.9105262951E+00    0.1185109277E-01
        63    0.2735000000E+01    0.2615411144E+01   -0.3838214722E+01   -0.9061353999E+00    0.6031675361E+00    0.7895654302E-01
        64    0.2085000000E+01    0.2018250186E+01   -0.2594153520E+01   -0.8382577967E+00    0.8689088294E+00    0.4457934684E-02
        65    0.1189000000E+01    0.1102031774E+01   -0.6458442621E+00   -0.9451978657E+00    0.7708122032E+00    0.1207893000E+00
        66    0.9620000000E+00    0.9694500507E+00   -0.2031577617E+00   -0.6240378158E+00    0.8825437380E+00    0.6697748882E-02
        67    0.1234000000E+01    0.1205272346E+01   -0.1197763690E+00   -0.7085797933E+00   -0.9542588778E+00    0.7003116381E-01
        68    0.1115000000E+01    0.1084482608E+01   -0.2616296459E+00   -0.4322943529E+00    0.6600082422E+00    0.8639490121E-03
        69    0.8590000000E+00    0.9128246770E+00   -0.1221720211E+00   -0.6282740834E+00    0.9948827983E+00    0.1592107821E-03
        70    0.2265000000E+01    0.2233929066E+01   -0.3518472716E+01   -0.1665126528E+01    0.7529163151E+00    0.2420369986E+00
        71    0.2462000000E+01    0.2423009370E+01   -0.4083826660E+01   -0.1864427386E+01    0.9105262951E+00    0.1046589473E-01
        72    0.9110000000E+00    0.9307350290E+00   -0.1987967813E+00   -0.7600013623E+00    0.8299976423E+00    0.2811766163E+00
        73    0.7420000000E+00    0.6928560583E+00   -0.1635501421E+00   -0.1768951612E+01    0.5053072417E+00    0.3729099394E+00
        74    0.1346000000E+01    0.1236384407E+01   -0.1235840947E+00   -0.5904831611E+00   -0.9542588778E+00    0.1471784026E+00
        75    0.1012000000E+01    0.8712028665E+00   -0.1943379287E+00   -0.9431388606E+00    0.9305732343E+00    0.2134425306E-01
        76    0.1840000000E+01    0.1952201193E+01   -0.2485331695E+01   -0.8970286385E+00    0.8689088294E+00    0.3681772206E-02
        77    0.7630000000E+00    0.8758712894E+00   -0.1896531783E+00   -0.1050197866E+01    0.7154842485E+00    0.1497706903E-02
        78    0.1221000000E+01    0.1123849362E+01   -0.6801754738E+00   -0.9225131169E+00    0.7708122032E+00    0.1253113281E+00
        79    0.8710000000E+00    0.9968133996E+00   -0.1676031241E+00   -0.6377218139E+00    0.5920381765E+00    0.1514254022E-02
        80    0.1048000000E+01    0.7849858933E+00   -0.3141636971E+00   -0.1505655595E+01    0.8678994282E+00    0.3234095680E-01
        81    0.1116000000E+01    0.1049799390E+01   -0.2165095253E+00   -0.5717441441E+00    0.5146696434E+00    0.1170303215E-03
        82    0.1185000000E+01    0.1099167042E+01   -0.6657853960E+00   -0.9905673633E+00    0.7708122032E+00    0.1164040838E+00
        83    0.1193000000E+01    0.1202391057E+01   -0.6707395866E+00   -0.7369229850E+00    0.5920381765E+00    0.3759749520E-02
        84    0.7470000000E+00    0.9729768325E+00   -0.3302522008E+00   -0.9009158767E+00    0.7647274409E+00    0.1093010364E-02
        85    0.9590000000E+00    0.9374889563E+00   -0.1647727415E+00   -0.6423540348E+00    0.9305732343E+00    0.5373557279E-01
        86    0.2181000000E+01    0.2066030647E+01   -0.2672407567E+01   -0.7949529658E+00    0.8689088294E+00    0.4894400577E-02
        87    0.9720000000E+00    0.1018989389E+01   -0.2414789808E+00   -0.5055054933E+00    0.8825437380E+00    0.8679915592E-02
        88    0.1224000000E+01    0.1161022205E+01   -0.7122682882E+00   -0.8393357048E+00    0.7708122032E+00    0.1264636083E+00
        89    0.1221000000E+01    0.1202750321E+01   -0.7314129845E+00   -0.8620204535E+00    0.5536520302E+00    0.1130707676E-01
        90    0.1145000000E+01    0.9952711999E+00   -0.4162883040E+00   -0.9700878788E+00    0.7529340548E+00    0.2451113263E-01
        91    0.1008000000E+01    0.9366302026E+00   -0.2736358679E+00   -0.9423710823E+00    0.7529340548E+00    0.3161220880E-01
        92    0.1082000000E+01    0.9928391561E+00   -0.2798093766E+00   -0.7428101472E+00    0.7529340548E+00    0.4293461591E-01
        93    0.1092000000E+01    0.1060790305E+01   -0.2504689568E+00   -0.5891753680E+00    0.5146696434E+00    0.1093589650E-03
        94    0.2428000000E+01    0.2597019672E+01   -0.4448343652E+01   -0.1806565847E+01    0.7529163151E+00    0.1137604675E+01
        95    0.1348000000E+01    0.1188116966E+01   -0.6029215973E+00   -0.6527651085E+00    0.6192323651E+00    0.4116145544E-01
        96    0.7660000000E+00    0.8677964227E+00   -0.6965645332E+00   -0.9073899511E+00    0.9821109998E+00    0.7519215678E+01
        97    0.9800000000E+00    0.9606949162E+00   -0.2192516898E+00   -0.8631056508E+00    0.5874394456E+00    0.3189529897E-02
        98    0.8790000000E+00    0.1026220175E+01   -0.2268893571E+00   -0.5891753680E+00    0.6600082422E+00    0.6114639839E-03
        99    0.2251000000E+01    0.2042640823E+01   -0.2880851986E+01   -0.1285811991E+01    0.7529163151E+00    0.2081788881E+00
       100    0.1058000000E+01    0.1085010782E+01   -0.4709551216E+00   -0.8084705472E+00    0.6192323651E+00    0.4917427252E-01
       101    0.2335000000E+01    0.2315449913E+01   -0.3974773718E+01   -0.2102302605E+01    0.7529163151E+00    0.6073838952E+00
       102    0.8790000000E+00    0.8984953980E+00   -0.2177969093E+00   -0.8819622858E+00    0.9305732343E+00    0.2158611178E-01
       103    0.9340000000E+00    0.1018461522E+01   -0.6152941548E+00   -0.1270101242E+01    0.6831245235E+00    0.3100728048E-02
       104    0.9420000000E+00    0.9486058111E+00   -0.2998854590E+00   -0.1046515602E+01    0.5874394456E+00    0.1862717684E-02
       105    0.6650000000E+00    0.6295934997E+00   -0.1636112679E+00   -0.1768951612E+01    0.9651268068E+00    0.5870119604E-02
       106    0.7100000000E+00    0.7882748296E+00   -0.1510590333E+00   -0.1177649064E+01    0.9305732343E+00    0.1561562734E-01
       107    0.2799000000E+01    0.2752014306E+01   -0.4230311199E+01   -0.1068670898E+01    0.6031675361E+00    0.1017501477E+00
       108    0.1413000000E+01    0.1519022017E+01   -0.8732410917E+00   -0.8172286949E+00   -0.9542588778E+00    0.2271816578E+00
       109    0.2039000000E+01    0.2068389535E+01   -0.2663898204E+01   -0.7392753262E+00    0.8601713726E+00    0.3256661982E+00
       110    0.1785000000E+01    0.1843094390E+01   -0.2252076710E+01   -0.8877490319E+00    0.8601713726E+00    0.1719569772E+00
       111    0.2069000000E+01    0.2017330342E+01   -0.2583136728E+01   -0.8227917856E+00    0.8689088294E+00    0.4305541342E-02
       112    0.1031000000E+01    0.1051254488E+01   -0.5238349049E+00   -0.1034409251E+01    0.6115671161E+00    0.5093935319E-02
       113    0.9360000000E+00    0.9747446553E+00   -0.3276450327E+00   -0.8924808485E+00    0.7529340548E+00    0.3972539473E-01
       114    0.1116000000E+01    0.9127754418E+00   -0.5251189792E+00   -0.1444262339E+01    0.7708122032E+00    0.9458508032E-01
       115    0.9590000000E+00    0.9391383567E+00   -0.2226773138E+00   -0.8717661900E+00    0.7154842485E+00    0.1863301898E-02
       116    0.1002000000E+01    0.9451212305E+00   -0.1549544133E+00   -0.6344965502E+00    0.8299976423E+00    0.2542048123E+00
       117    0.2036000000E+01    0.2059541815E+01   -0.2561332328E+01   -0.7640209438E+00    0.6457427874E+00    0.3742381813E-03
       118    0.1970000000E+01    0.1970015342E+01   -0.2457189226E+01   -0.7825801570E+00    0.8689088294E+00    0.3533657022E-02
       119    0.9900000000E+00    0.9514140341E+00   -0.1561804938E+00   -0.5432445082E+00    0.9948827983E+00    0.2556088496E-03
       120    0.1568000000E+01    0.1559356138E+01   -0.1588274425E+01   -0.9191054820E+00    0.7015705919E+00    0.6127523246E-04
       121    0.3570000000E+00    0.3075197063E+00   -0.3944091723E+00   -0.2941455758E+01    0.9821109998E+00    0.3501518292E+01
       122    0.1081000000E+01    0.1129095886E+01   -0.6423795891E+00   -0.9830057803E+00    0.5536520302E+00    0.1045851229E-01
       123    0.8440000000E+00    0.8465661510E+00   -0.3737447151E+00   -0.1054006047E+01    0.9724521574E+00    0.2266154956E+01
       124    0.1413000000E+01    0.1210624582E+01   -0.7132302822E+00   -0.8015277901E+00    0.5536520302E+00    0.1167277380E-01
       125    0.9410000000E+00    0.8710271698E+00   -0.2056788866E+00   -0.9635310522E+00    0.9305732343E+00    0.1893812785E-01
       126    0.2633000000E+01    0.2536951670E+01   -0.3643148835E+01   -0.9833397613E+00    0.4183648419E+00    0.5662209490E-02
       127    0.2627000000E+01    0.2560201118E+01   -0.3891503646E+01   -0.1128493764E+01    0.7357576500E+00    0.2755255078E-01
       128    0.9880000000E+00    0.8569383972E+00   -0.2629396596E+00   -0.1216565235E+01    0.7647274409E+00    0.8026333410E-03
       129    0.7880000000E+00    0.7906638409E+00   -0.2328486953E+00   -0.1288901546E+01    0.9651268068E+00    0.9592303600E-02
       130    0.1152000000E+01    0.1140278831E+01   -0.4618028120E+00   -0.7066631450E+00    0.4306171578E+00    0.5447343091E-02
       131    0.2045000000E+01    0.2072077511E+01   -0.2698225282E+01   -0.7825801570E+00    0.8601713726E+00    0.3417718807E+00
       132    0.1115000000E+01    0.1066842816E+01   -0.3969552811E+00   -0.8683572544E+00    0.4306171578E+00    0.4384273553E-02
       133    0.1234000000E+01    0.9928558962E+00   -0.5369638539E+00   -0.7665498522E+00    0.9724521574E+00    0.2470875466E+01
       134    0.1064000000E+01    0.1132172068E+01   -0.4058016617E+00   -0.6407877670E+00    0.4306171578E+00    0.4709468465E-02
       135    0.8030000000E+00    0.7978113311E+00   -0.1510590333E+00   -0.1177649064E+01    0.6813765137E+00    0.9994001500E+00
       136    0.9540000000E+00    0.8552107560E+00   -0.1339053904E+00   -0.8972564295E+00    0.9305732343E+00    0.3510574534E-01
       137    0.8040000000E+00    0.9905854271E+00   -0.1923921083E+00   -0.6623865084E+00    0.6600082422E+00    0.5406378045E-03
       138    0.6960000000E+00    0.7982364527E+00   -0.6358055357E+00   -0.1073744775E+01    0.9821109998E+00    0.7415384626E+01
       139    0.2311000000E+01    0.2325607956E+01   -0.3603688694E+01   -0.1446538489E+01    0.7529163151E+00    0.4483953982E+00
       140    0.8890000000E+00    0.9544431735E+00   -0.2493354030E+00   -0.6933345137E+00    0.6813765137E+00    0.1605211045E+01
       141    0.2576000000E+01    0.2555546596E+01   -0.3731879373E+01   -0.9467692743E+00    0.6031675361E+00    0.7328971742E-01
       142    0.1380000000E+01    0.1169634208E+01   -0.6729071964E+00   -0.8847052023E+00    0.5536520302E+00    0.1105175261E-01
       143    0.9850000000E+00    0.9205727446E+00   -0.1722507008E+00   -0.7460563832E+00    0.8299976423E+00    0.3336861376E+00
       144    0.7620000000E+00    0.8922045850E+00   -0.2367637557E+00   -0.9380408127E+00    0.9305732343E+00    0.2016855849E-01
       145    0.3470000000E+00    0.5475043632E+00   -0.4445521511E+00   -0.1950888395E+01    0.9821109998E+00    0.5079894038E+01
       146    0.9470000000E+00    0.1024580072E+01   -0.2507615229E+00   -0.6796957000E+00    0.5874394456E+00    0.4271070806E-02
       147    0.6340000000E+00    0.7398383641E+00   -0.4448901602E+00   -0.1950888395E+01    0.7708122032E+00    0.7937334434E-01
       148    0.2047000000E+01    0.2072724406E+01   -0.2680281854E+01   -0.7516481350E+00    0.8601713726E+00    0.3225222202E+00
       149    0.2535000000E+01    0.2478542150E+01   -0.3597401767E+01   -0.1003656699E+01    0.6031675361E+00    0.6029459463E-01
       150    0.7720000000E+00    0.9979738931E+00   -0.2165157161E+00   -0.6763314875E+00    0.6600082422E+00    0.4890245906E-03
       151    0.1088000000E+01    0.1036862377E+01   -0.4549162476E+00   -0.8813941299E+00    0.7529340548E+00    0.2833933478E-01
       152    0.1100000000E+01    0.1060145086E+01   -0.2353390722E+00   -0.4776155350E+00    0.6600082422E+00    0.7837589302E-03
       153    0.6420000000E+00    0.6752647287E+00   -0.1438704053E+00   -0.1565094735E+01    0.9651268068E+00    0.8530504750E-02
       154    0.1341000000E+01    0.1357061747E+01   -0.5497023017E+00   -0.8786389436E+00   -0.9542588778E+00    0.1010152274E+00
       155    0.8700000000E+00    0.1053341698E+01   -0.2429514954E+00   -0.5159642276E+00    0.6600082422E+00    0.6767815913E-03
       156    0.2335000000E+01    0.2427869284E+01   -0.4083826660E+01   -0.1864427386E+01    0.7529163151E+00    0.6698172626E+00
       157    0.7250000000E+00    0.8709922128E+00   -0.2667475375E+00   -0.1175192173E+01    0.7529340548E+00    0.2492952055E-01
       158    0.8650000000E+00    0.9363630013E+00   -0.5370093430E+00   -0.1376208092E+01    0.7708122032E+00    0.1016028083E+00
       159    0.1037000000E+01    0.9912353788E+00   -0.2708119497E+00   -0.6270598911E+00    0.9305732343E+00    0.3280262325E-01
       160    0.9470000000E+00    0.8792572078E+00   -0.5009568762E+00   -0.1527439751E+01    0.7708122032E+00    0.9368068788E-01
       161    0.7430000000E+00    0.7571757311E+00   -0.2078827165E+00   -0.1492758423E+01    0.7647274409E+00    0.6457790956E-03
       162    0.1040000000E+01    0.1062950609E+01   -0.6358055357E+00   -0.1073744775E+01    0.7708122032E+00    0.1158653848E+00
       163    0.2451000000E+01    0.2351407724E+01   -0.3731879373E+01   -0.9467692743E+00    0.9621903702E+00    0.4690541915E+01
       164    0.2145000000E+01    0.2197193998E+01   -0.3367396585E+01   -0.1113368160E+01    0.9621903702E+00    0.2822195011E+01
       165    0.2372000000E+01    0.2529026210E+01   -0.4056443320E+01   -0.1420822250E+01    0.7529163151E+00    0.8473464447E+00
       166    0.9760000000E+00    0.9962866644E+00   -0.2755819825E+00   -0.6168637953E+00    0.9305732343E+00    0.2950595877E-01
       167    0.8380000000E+00    0.8823768973E+00   -0.5236735655E+00   -0.1263609522E+01    0.9724521574E+00    0.1537453413E+01
       168    0.8640000000E+00    0.1016682359E+01   -0.2598921690E+00   -0.6474520827E+00    0.7154842485E+00    0.2494989986E-02
       169    0.1478000000E+01    0.1427268577E+01   -0.6153345378E+00   -0.7180275238E+00   -0.9542588778E+00    0.2066745228E+00
       170    0.7710000000E+00    0.9217672530E+00   -0.1709227752E+00   -0.7460563832E+00    0.8825437380E+00    0.5213845900E-02
       171    0.7530000000E+00    0.7940476231E+00   -0.1612003172E+00   -0.1223531495E+01    0.6813765137E+00    0.8756949296E+00
       172    0.1098000000E+01    0.1065393371E+01   -0.4081853222E+00   -0.7725385229E+00    0.6192323651E+00    0.5874016477E-01
       173    0.7140000000E+00    0.7805963220E+00   -0.1610371589E+00   -0.1223531495E+01    0.9305732343E+00    0.1359984973E-01
       174    0.1856000000E+01    0.1913514812E+01   -0.2354632199E+01   -0.8166053812E+00    0.8689088294E+00    0.2927065856E-02
       175    0.8970000000E+00    0.1015284106E+01   -0.2628244393E+00   -0.6576481785E+00    0.7154842485E+00    0.2746388467E-02
       176    0.8540000000E+00    0.9553846307E+00   -0.1191632934E+00   -0.7085797933E+00    0.5920381765E+00    0.1084659428E-02
