     Index       y_measurement           y_fitting        descriptor_1        descriptor_2        descriptor_3
         1    0.2417000000E+01    0.2623578047E+01   -0.4393761843E+01   -0.1774420547E+01    0.5415481673E+00
         2    0.2375000000E+01    0.2597405601E+01   -0.4089815952E+01   -0.1101177997E+01    0.9621903702E+00
         3    0.6730000000E+00    0.7261343992E+00   -0.1420026354E+00   -0.1420422112E+01    0.7647274409E+00
         4    0.7530000000E+00    0.7008744268E+00   -0.1380079992E+00   -0.1670311187E+01    0.5053072417E+00
         5    0.9360000000E+00    0.9654316858E+00   -0.2259920502E+00   -0.6344965502E+00    0.8825437380E+00
         6    0.8530000000E+00    0.9722014929E+00   -0.3294405752E+00   -0.8548836786E+00    0.7647274409E+00
         7    0.9260000000E+00    0.1059589464E+01   -0.2398890057E+00   -0.4671568007E+00    0.6600082422E+00
         8    0.9410000000E+00    0.9545418686E+00   -0.2605651634E+00   -0.6984325616E+00    0.9305732343E+00
         9    0.1015000000E+01    0.8606112454E+00   -0.4768159939E+00   -0.1625740329E+01    0.5536520302E+00
        10    0.1783000000E+01    0.1898226987E+01   -0.2355664028E+01   -0.8166053812E+00    0.8601713726E+00
        11    0.1216000000E+01    0.1281140130E+01   -0.9519672187E-01   -0.4865581247E+00   -0.9542588778E+00
        12    0.8750000000E+00    0.9380125449E+00   -0.5590481312E+00   -0.1345961761E+01    0.7708122032E+00
        13    0.6930000000E+00    0.1006962527E+01   -0.3814739808E+00   -0.9102779494E+00    0.6192323651E+00
        14    0.9740000000E+00    0.9263465894E+00   -0.2113240428E+00   -0.8564720464E+00    0.7154842485E+00
        15    0.1044000000E+01    0.9868157351E+00   -0.1451229076E+00   -0.6141024875E+00    0.5920381765E+00
        16    0.1234000000E+01    0.1158633665E+01   -0.7227244906E+00   -0.8317741218E+00    0.7708122032E+00
        17    0.1137000000E+01    0.1002671826E+01   -0.4670682376E+00   -0.9048071183E+00    0.8678994282E+00
        18    0.8170000000E+00    0.9741611973E+00   -0.2839139701E+00   -0.8054915674E+00    0.7154842485E+00
        19    0.8940000000E+00    0.9912322946E+00   -0.2480583994E+00   -0.7086286574E+00    0.6813765137E+00
        20    0.8490000000E+00    0.6902050102E+00   -0.3393026415E+00   -0.1967547667E+01    0.6115671161E+00
        21    0.1008000000E+01    0.9907340410E+00   -0.3754623558E+00   -0.9182293528E+00    0.6808881056E+00
        22    0.9080000000E+00    0.1067249965E+01   -0.2608138051E+00   -0.4741292902E+00    0.6600082422E+00
        23    0.1234000000E+01    0.1145985309E+01   -0.7509501592E+00   -0.9225131169E+00    0.7708122032E+00
        24    0.9460000000E+00    0.8278028272E+00   -0.3648679559E+00   -0.1357210677E+01    0.8678994282E+00
        25    0.2121000000E+01    0.2063915850E+01   -0.2698225282E+01   -0.7825801570E+00    0.8689088294E+00
        26    0.1147000000E+01    0.1029197833E+01   -0.3151512372E+00   -0.6374863204E+00    0.7529340548E+00
        27    0.1092000000E+01    0.1087008624E+01   -0.7574353190E+00   -0.1141799022E+01    0.7708122032E+00
        28    0.1013000000E+01    0.9698251476E+00   -0.3086663017E+00   -0.8370472554E+00    0.7529340548E+00
        29    0.2399000000E+01    0.2261085849E+01   -0.3263425621E+01   -0.1080082072E+01    0.7529163151E+00
        30    0.1324000000E+01    0.1183681946E+01   -0.5217711568E+00   -0.6347990963E+00    0.4306171578E+00
        31    0.1217000000E+01    0.1157466039E+01   -0.6854287487E+00   -0.9149515340E+00    0.5536520302E+00
        32    0.9580000000E+00    0.8579399418E+00   -0.1946474464E+00   -0.9329427648E+00    0.9305732343E+00
        33    0.8320000000E+00    0.8875500699E+00   -0.1205544866E+00   -0.6660650057E+00    0.9948827983E+00
        34    0.1151000000E+01    0.1017013029E+01   -0.2381065727E+00   -0.5055054933E+00    0.8299976423E+00
        35    0.8250000000E+00    0.9393741308E+00   -0.1385144489E+00   -0.7137267053E+00    0.6813765137E+00
        36    0.1104000000E+01    0.1029072502E+01   -0.2748983779E+00   -0.5964716037E+00    0.7154842485E+00
        37    0.8260000000E+00    0.8905137354E+00   -0.1544173730E+00   -0.9125505732E+00    0.6813765137E+00
        38    0.8810000000E+00    0.9999498756E+00   -0.2607396880E+00   -0.6984325616E+00    0.6813765137E+00
        39    0.1072000000E+01    0.1086053552E+01   -0.2845465186E+00   -0.4462393320E+00    0.6600082422E+00
        40    0.1163000000E+01    0.1096413697E+01   -0.6571177305E+00   -0.8090893731E+00    0.9821109998E+00
        41    0.9870000000E+00    0.9816304106E+00   -0.2662141400E+00   -0.6117657474E+00    0.9305732343E+00
        42    0.2086000000E+01    0.2061856786E+01   -0.2667165482E+01   -0.7392753262E+00    0.8689088294E+00
        43    0.2373000000E+01    0.2431510618E+01   -0.3712524603E+01   -0.1219501326E+01    0.7357576500E+00
        44    0.1741000000E+01    0.1544921799E+01   -0.1588274425E+01   -0.9191054820E+00    0.7015705919E+00
        45    0.9860000000E+00    0.8337855057E+00   -0.2330346767E+00   -0.1288901546E+01    0.6075430751E+00
        46    0.1221000000E+01    0.1002884313E+01   -0.2074086883E+00   -0.5055054933E+00    0.8299976423E+00
        47    0.2253000000E+01    0.2388857542E+01   -0.3467367412E+01   -0.1056480735E+01    0.6031675361E+00
        48    0.1041000000E+01    0.9912320312E+00   -0.2542253279E+00   -0.5891753680E+00    0.8825437380E+00
        49    0.9780000000E+00    0.1002433809E+01   -0.2250562592E+00   -0.5020192485E+00    0.8825437380E+00
        50    0.2058000000E+01    0.1977562956E+01   -0.2508704770E+01   -0.7794869548E+00    0.8689088294E+00
        51    0.2200000000E+01    0.2324882901E+01   -0.3470256885E+01   -0.1056480735E+01    0.9621903702E+00
        52    0.2120000000E+01    0.2103030172E+01   -0.2736790905E+01   -0.8506306055E+00    0.6457427874E+00
        53    0.7820000000E+00    0.8549856988E+00   -0.2667475375E+00   -0.1175192173E+01    0.7529340548E+00
        54    0.8700000000E+00    0.8107381398E+00   -0.1748520640E+00   -0.1341509773E+01    0.5053072417E+00
        55    0.1017000000E+01    0.1033116214E+01   -0.2805544409E+00   -0.5913735558E+00    0.7154842485E+00
        56    0.7840000000E+00    0.9627279243E+00   -0.3736027157E+00   -0.1054006047E+01    0.6192323651E+00
        57    0.2274000000E+01    0.2170826483E+01   -0.2798638942E+01   -0.7114365064E+00    0.6457427874E+00
        58    0.2090000000E+01    0.2064168101E+01   -0.2689278352E+01   -0.7671141460E+00    0.8689088294E+00
        59    0.8470000000E+00    0.1012493119E+01   -0.2701741553E+00   -0.6474520827E+00    0.7154842485E+00
        60    0.2149000000E+01    0.2027789705E+01   -0.2602641921E+01   -0.7547413372E+00    0.8689088294E+00
        61    0.1039000000E+01    0.1029551191E+01   -0.3854234619E+00   -0.9581873152E+00    0.4306171578E+00
        62    0.2491000000E+01    0.2497414892E+01   -0.4139163722E+01   -0.1568690628E+01    0.9105262951E+00
        63    0.2735000000E+01    0.2602021819E+01   -0.3838214722E+01   -0.9061353999E+00    0.6031675361E+00
        64    0.2085000000E+01    0.2000284481E+01   -0.2594153520E+01   -0.8382577967E+00    0.8689088294E+00
        65    0.1189000000E+01    0.1091200459E+01   -0.6458442621E+00   -0.9451978657E+00    0.7708122032E+00
        66    0.9620000000E+00    0.9578774159E+00   -0.2031577617E+00   -0.6240378158E+00    0.8825437380E+00
        67    0.1234000000E+01    0.1229718424E+01   -0.1197763690E+00   -0.7085797933E+00   -0.9542588778E+00
        68    0.1115000000E+01    0.1079446347E+01   -0.2616296459E+00   -0.4322943529E+00    0.6600082422E+00
        69    0.8590000000E+00    0.8989727539E+00   -0.1221720211E+00   -0.6282740834E+00    0.9948827983E+00
        70    0.2265000000E+01    0.2213161088E+01   -0.3518472716E+01   -0.1665126528E+01    0.7529163151E+00
        71    0.2462000000E+01    0.2388382525E+01   -0.4083826660E+01   -0.1864427386E+01    0.9105262951E+00
        72    0.9110000000E+00    0.9270102586E+00   -0.1987967813E+00   -0.7600013623E+00    0.8299976423E+00
        73    0.7420000000E+00    0.6847583465E+00   -0.1635501421E+00   -0.1768951612E+01    0.5053072417E+00
        74    0.1346000000E+01    0.1264840347E+01   -0.1235840947E+00   -0.5904831611E+00   -0.9542588778E+00
        75    0.1012000000E+01    0.8549164746E+00   -0.1943379287E+00   -0.9431388606E+00    0.9305732343E+00
        76    0.1840000000E+01    0.1933592877E+01   -0.2485331695E+01   -0.8970286385E+00    0.8689088294E+00
        77    0.7630000000E+00    0.8616333447E+00   -0.1896531783E+00   -0.1050197866E+01    0.7154842485E+00
        78    0.1221000000E+01    0.1113411225E+01   -0.6801754738E+00   -0.9225131169E+00    0.7708122032E+00
        79    0.8710000000E+00    0.9904883830E+00   -0.1676031241E+00   -0.6377218139E+00    0.5920381765E+00
        80    0.1048000000E+01    0.7625215317E+00   -0.3141636971E+00   -0.1505655595E+01    0.8678994282E+00
        81    0.1116000000E+01    0.1045713209E+01   -0.2165095253E+00   -0.5717441441E+00    0.5146696434E+00
        82    0.1185000000E+01    0.1087558759E+01   -0.6657853960E+00   -0.9905673633E+00    0.7708122032E+00
        83    0.1193000000E+01    0.1194026883E+01   -0.6707395866E+00   -0.7369229850E+00    0.5920381765E+00
        84    0.7470000000E+00    0.9595681740E+00   -0.3302522008E+00   -0.9009158767E+00    0.7647274409E+00
        85    0.9590000000E+00    0.9262989216E+00   -0.1647727415E+00   -0.6423540348E+00    0.9305732343E+00
        86    0.2181000000E+01    0.2048537170E+01   -0.2672407567E+01   -0.7949529658E+00    0.8689088294E+00
        87    0.9720000000E+00    0.1009007300E+01   -0.2414789808E+00   -0.5055054933E+00    0.8825437380E+00
        88    0.1224000000E+01    0.1151684590E+01   -0.7122682882E+00   -0.8393357048E+00    0.7708122032E+00
        89    0.1221000000E+01    0.1193586526E+01   -0.7314129845E+00   -0.8620204535E+00    0.5536520302E+00
        90    0.1145000000E+01    0.9817662346E+00   -0.4162883040E+00   -0.9700878788E+00    0.7529340548E+00
        91    0.1008000000E+01    0.9239420448E+00   -0.2736358679E+00   -0.9423710823E+00    0.7529340548E+00
        92    0.1082000000E+01    0.9831713954E+00   -0.2798093766E+00   -0.7428101472E+00    0.7529340548E+00
        93    0.1092000000E+01    0.1056417684E+01   -0.2504689568E+00   -0.5891753680E+00    0.5146696434E+00
        94    0.2428000000E+01    0.2601169521E+01   -0.4448343652E+01   -0.1806565847E+01    0.7529163151E+00
        95    0.1348000000E+01    0.1181646799E+01   -0.6029215973E+00   -0.6527651085E+00    0.6192323651E+00
        96    0.7660000000E+00    0.1086793271E+01   -0.6965645332E+00   -0.9073899511E+00    0.9821109998E+00
        97    0.9800000000E+00    0.9514116321E+00   -0.2192516898E+00   -0.8631056508E+00    0.5874394456E+00
        98    0.8790000000E+00    0.1019128771E+01   -0.2268893571E+00   -0.5891753680E+00    0.6600082422E+00
        99    0.2251000000E+01    0.2026875042E+01   -0.2880851986E+01   -0.1285811991E+01    0.7529163151E+00
       100    0.1058000000E+01    0.1076912993E+01   -0.4709551216E+00   -0.8084705472E+00    0.6192323651E+00
       101    0.2335000000E+01    0.2299645265E+01   -0.3974773718E+01   -0.2102302605E+01    0.7529163151E+00
       102    0.8790000000E+00    0.8829995512E+00   -0.2177969093E+00   -0.8819622858E+00    0.9305732343E+00
       103    0.9340000000E+00    0.1001284940E+01   -0.6152941548E+00   -0.1270101242E+01    0.6831245235E+00
       104    0.9420000000E+00    0.9366990009E+00   -0.2998854590E+00   -0.1046515602E+01    0.5874394456E+00
       105    0.6650000000E+00    0.6011475178E+00   -0.1636112679E+00   -0.1768951612E+01    0.9651268068E+00
       106    0.7100000000E+00    0.7687340768E+00   -0.1510590333E+00   -0.1177649064E+01    0.9305732343E+00
       107    0.2799000000E+01    0.2736558346E+01   -0.4230311199E+01   -0.1068670898E+01    0.6031675361E+00
       108    0.1413000000E+01    0.1545801078E+01   -0.8732410917E+00   -0.8172286949E+00   -0.9542588778E+00
       109    0.2039000000E+01    0.2061942321E+01   -0.2663898204E+01   -0.7392753262E+00    0.8601713726E+00
       110    0.1785000000E+01    0.1830448503E+01   -0.2252076710E+01   -0.8877490319E+00    0.8601713726E+00
       111    0.2069000000E+01    0.1999584077E+01   -0.2583136728E+01   -0.8227917856E+00    0.8689088294E+00
       112    0.1031000000E+01    0.1038803912E+01   -0.5238349049E+00   -0.1034409251E+01    0.6115671161E+00
       113    0.9360000000E+00    0.9628967874E+00   -0.3276450327E+00   -0.8924808485E+00    0.7529340548E+00
       114    0.1116000000E+01    0.8946207986E+00   -0.5251189792E+00   -0.1444262339E+01    0.7708122032E+00
       115    0.9590000000E+00    0.9272504208E+00   -0.2226773138E+00   -0.8717661900E+00    0.7154842485E+00
       116    0.1002000000E+01    0.9422944593E+00   -0.1549544133E+00   -0.6344965502E+00    0.8299976423E+00
       117    0.2036000000E+01    0.2046747723E+01   -0.2561332328E+01   -0.7640209438E+00    0.6457427874E+00
       118    0.1970000000E+01    0.1952978885E+01   -0.2457189226E+01   -0.7825801570E+00    0.8689088294E+00
       119    0.9900000000E+00    0.9386511495E+00   -0.1561804938E+00   -0.5432445082E+00    0.9948827983E+00
       120    0.1568000000E+01    0.1544921799E+01   -0.1588274425E+01   -0.9191054820E+00    0.7015705919E+00
       121    0.3570000000E+00    0.3729799472E+00   -0.3944091723E+00   -0.2941455758E+01    0.9821109998E+00
       122    0.1081000000E+01    0.1118423216E+01   -0.6423795891E+00   -0.9830057803E+00    0.5536520302E+00
       123    0.8440000000E+00    0.8985443025E+00   -0.3737447151E+00   -0.1054006047E+01    0.9724521574E+00
       124    0.1413000000E+01    0.1202310751E+01   -0.7132302822E+00   -0.8015277901E+00    0.5536520302E+00
       125    0.9410000000E+00    0.8543741332E+00   -0.2056788866E+00   -0.9635310522E+00    0.9305732343E+00
       126    0.2633000000E+01    0.2524042481E+01   -0.3643148835E+01   -0.9833397613E+00    0.4183648419E+00
       127    0.2627000000E+01    0.2539600933E+01   -0.3891503646E+01   -0.1128493764E+01    0.7357576500E+00
       128    0.9880000000E+00    0.8393975778E+00   -0.2629396596E+00   -0.1216565235E+01    0.7647274409E+00
       129    0.7880000000E+00    0.7686571510E+00   -0.2328486953E+00   -0.1288901546E+01    0.9651268068E+00
       130    0.1152000000E+01    0.1135775561E+01   -0.4618028120E+00   -0.7066631450E+00    0.4306171578E+00
       131    0.2045000000E+01    0.2065505152E+01   -0.2698225282E+01   -0.7825801570E+00    0.8601713726E+00
       132    0.1115000000E+01    0.1060241123E+01   -0.3969552811E+00   -0.8683572544E+00    0.4306171578E+00
       133    0.1234000000E+01    0.1054889691E+01   -0.5369638539E+00   -0.7665498522E+00    0.9724521574E+00
       134    0.1064000000E+01    0.1128614768E+01   -0.4058016617E+00   -0.6407877670E+00    0.4306171578E+00
       135    0.8030000000E+00    0.8140617588E+00   -0.1510590333E+00   -0.1177649064E+01    0.6813765137E+00
       136    0.9540000000E+00    0.8400669204E+00   -0.1339053904E+00   -0.8972564295E+00    0.9305732343E+00
       137    0.8040000000E+00    0.9825648356E+00   -0.1923921083E+00   -0.6623865084E+00    0.6600082422E+00
       138    0.6960000000E+00    0.1011823649E+01   -0.6358055357E+00   -0.1073744775E+01    0.9821109998E+00
       139    0.2311000000E+01    0.2314146078E+01   -0.3603688694E+01   -0.1446538489E+01    0.7529163151E+00
       140    0.8890000000E+00    0.9961415534E+00   -0.2493354030E+00   -0.6933345137E+00    0.6813765137E+00
       141    0.2576000000E+01    0.2541599403E+01   -0.3731879373E+01   -0.9467692743E+00    0.6031675361E+00
       142    0.1380000000E+01    0.1160249399E+01   -0.6729071964E+00   -0.8847052023E+00    0.5536520302E+00
       143    0.9850000000E+00    0.9187327087E+00   -0.1722507008E+00   -0.7460563832E+00    0.8299976423E+00
       144    0.7620000000E+00    0.8758834885E+00   -0.2367637557E+00   -0.9380408127E+00    0.9305732343E+00
       145    0.3470000000E+00    0.6759532521E+00   -0.4445521511E+00   -0.1950888395E+01    0.9821109998E+00
       146    0.9470000000E+00    0.1017738412E+01   -0.2507615229E+00   -0.6796957000E+00    0.5874394456E+00
       147    0.6340000000E+00    0.7145430533E+00   -0.4448901602E+00   -0.1950888395E+01    0.7708122032E+00
       148    0.2047000000E+01    0.2065986840E+01   -0.2680281854E+01   -0.7516481350E+00    0.8601713726E+00
       149    0.2535000000E+01    0.2463631892E+01   -0.3597401767E+01   -0.1003656699E+01    0.6031675361E+00
       150    0.7720000000E+00    0.9897274412E+00   -0.2165157161E+00   -0.6763314875E+00    0.6600082422E+00
       151    0.1088000000E+01    0.1024606094E+01   -0.4549162476E+00   -0.8813941299E+00    0.7529340548E+00
       152    0.1100000000E+01    0.1054540132E+01   -0.2353390722E+00   -0.4776155350E+00    0.6600082422E+00
       153    0.6420000000E+00    0.6496636285E+00   -0.1438704053E+00   -0.1565094735E+01    0.9651268068E+00
       154    0.1341000000E+01    0.1379540092E+01   -0.5497023017E+00   -0.8786389436E+00   -0.9542588778E+00
       155    0.8700000000E+00    0.1047207937E+01   -0.2429514954E+00   -0.5159642276E+00    0.6600082422E+00
       156    0.2335000000E+01    0.2417051021E+01   -0.4083826660E+01   -0.1864427386E+01    0.7529163151E+00
       157    0.7250000000E+00    0.8549856988E+00   -0.2667475375E+00   -0.1175192173E+01    0.7529340548E+00
       158    0.8650000000E+00    0.9193227704E+00   -0.5370093430E+00   -0.1376208092E+01    0.7708122032E+00
       159    0.1037000000E+01    0.9794250376E+00   -0.2708119497E+00   -0.6270598911E+00    0.9305732343E+00
       160    0.9470000000E+00    0.8599975473E+00   -0.5009568762E+00   -0.1527439751E+01    0.7708122032E+00
       161    0.7430000000E+00    0.7360163725E+00   -0.2078827165E+00   -0.1492758423E+01    0.7647274409E+00
       162    0.1040000000E+01    0.1050257882E+01   -0.6358055357E+00   -0.1073744775E+01    0.7708122032E+00
       163    0.2451000000E+01    0.2476294881E+01   -0.3731879373E+01   -0.9467692743E+00    0.9621903702E+00
       164    0.2145000000E+01    0.2261467270E+01   -0.3367396585E+01   -0.1113368160E+01    0.9621903702E+00
       165    0.2372000000E+01    0.2529793008E+01   -0.4056443320E+01   -0.1420822250E+01    0.7529163151E+00
       166    0.9760000000E+00    0.9845014591E+00   -0.2755819825E+00   -0.6168637953E+00    0.9305732343E+00
       167    0.8380000000E+00    0.9083235181E+00   -0.5236735655E+00   -0.1263609522E+01    0.9724521574E+00
       168    0.8640000000E+00    0.1007760830E+01   -0.2598921690E+00   -0.6474520827E+00    0.7154842485E+00
       169    0.1478000000E+01    0.1455129767E+01   -0.6153345378E+00   -0.7180275238E+00   -0.9542588778E+00
       170    0.7710000000E+00    0.9085636488E+00   -0.1709227752E+00   -0.7460563832E+00    0.8825437380E+00
       171    0.7530000000E+00    0.8057647380E+00   -0.1612003172E+00   -0.1223531495E+01    0.6813765137E+00
       172    0.1098000000E+01    0.1058176124E+01   -0.4081853222E+00   -0.7725385229E+00    0.6192323651E+00
       173    0.7140000000E+00    0.7603619624E+00   -0.1610371589E+00   -0.1223531495E+01    0.9305732343E+00
       174    0.1856000000E+01    0.1896162785E+01   -0.2354632199E+01   -0.8166053812E+00    0.8689088294E+00
       175    0.8970000000E+00    0.1006229397E+01   -0.2628244393E+00   -0.6576481785E+00    0.7154842485E+00
       176    0.8540000000E+00    0.9481722774E+00   -0.1191632934E+00   -0.7085797933E+00    0.5920381765E+00
