     Index       y_measurement           y_fitting        descriptor_1
         1    0.2417000000E+01    0.2649761652E+01    0.1932524390E+03
         2    0.2375000000E+01    0.2604648568E+01    0.1895961574E+03
         3    0.6730000000E+00    0.9026196629E+00    0.5165176607E+02
         4    0.7530000000E+00    0.7677540349E+00    0.4072130719E+02
         5    0.9360000000E+00    0.8763404154E+00    0.4952191106E+02
         6    0.8530000000E+00    0.1061105306E+01    0.6449655710E+02
         7    0.9260000000E+00    0.9737832341E+00    0.5741936231E+02
         8    0.9410000000E+00    0.9411393405E+00    0.5477367162E+02
         9    0.1015000000E+01    0.1012168103E+01    0.6053034200E+02
        10    0.1783000000E+01    0.1754336765E+01    0.1206809094E+03
        11    0.1216000000E+01    0.8055412581E+00    0.4378384948E+02
        12    0.8750000000E+00    0.1113006741E+01    0.6870301433E+02
        13    0.6930000000E+00    0.1008174281E+01    0.6020665458E+02
        14    0.9740000000E+00    0.8765687012E+00    0.4954041294E+02
        15    0.1044000000E+01    0.9450925747E+00    0.5509406952E+02
        16    0.1234000000E+01    0.1245162754E+01    0.7941386696E+02
        17    0.1137000000E+01    0.1127368710E+01    0.6986700933E+02
        18    0.8170000000E+00    0.9507035867E+00    0.5554882539E+02
        19    0.8940000000E+00    0.9352476580E+00    0.5429616824E+02
        20    0.8490000000E+00    0.9494800747E+00    0.5544966337E+02
        21    0.1008000000E+01    0.1061165510E+01    0.6450143641E+02
        22    0.9080000000E+00    0.9823731126E+00    0.5811554647E+02
        23    0.1234000000E+01    0.1202328994E+01    0.7594231787E+02
        24    0.9460000000E+00    0.1014074120E+01    0.6068481906E+02
        25    0.2121000000E+01    0.2089695049E+01    0.1478607030E+03
        26    0.1147000000E+01    0.1038022615E+01    0.6262577351E+02
        27    0.1092000000E+01    0.1276196129E+01    0.8192902995E+02
        28    0.1013000000E+01    0.9662526416E+00    0.5680903014E+02
        29    0.2399000000E+01    0.2564354320E+01    0.1863304282E+03
        30    0.1324000000E+01    0.1182984069E+01    0.7437446907E+02
        31    0.1217000000E+01    0.1221359532E+01    0.7748468649E+02
        32    0.9580000000E+00    0.8479439187E+00    0.4722045928E+02
        33    0.8320000000E+00    0.8707035746E+00    0.4906506184E+02
        34    0.1151000000E+01    0.9482674731E+00    0.5535138561E+02
        35    0.8250000000E+00    0.8743921815E+00    0.4936401248E+02
        36    0.1104000000E+01    0.9942739534E+00    0.5908007430E+02
        37    0.8260000000E+00    0.7631521794E+00    0.4034834046E+02
        38    0.8810000000E+00    0.9411393405E+00    0.5477367162E+02
        39    0.1072000000E+01    0.1017238764E+01    0.6094130403E+02
        40    0.1163000000E+01    0.1278352640E+01    0.8210380872E+02
        41    0.9870000000E+00    0.9793322065E+00    0.5786909006E+02
        42    0.2086000000E+01    0.2083884878E+01    0.1473898059E+03
        43    0.2373000000E+01    0.2196985145E+01    0.1565562469E+03
        44    0.1741000000E+01    0.1548590171E+01    0.1040057586E+03
        45    0.9860000000E+00    0.9321020159E+00    0.5404122328E+02
        46    0.1221000000E+01    0.9383498044E+00    0.5454758800E+02
        47    0.2253000000E+01    0.2122399563E+01    0.1505113068E+03
        48    0.1041000000E+01    0.9257251718E+00    0.5352439899E+02
        49    0.9780000000E+00    0.9441609684E+00    0.5501856559E+02
        50    0.2058000000E+01    0.1919428013E+01    0.1340610651E+03
        51    0.2200000000E+01    0.2122399563E+01    0.1505113068E+03
        52    0.2120000000E+01    0.2078148022E+01    0.1469248507E+03
        53    0.7820000000E+00    0.8413167925E+00    0.4668335037E+02
        54    0.8700000000E+00    0.7898106991E+00    0.4250893436E+02
        55    0.1017000000E+01    0.9972383350E+00    0.5932032863E+02
        56    0.7840000000E+00    0.9111328249E+00    0.5234173259E+02
        57    0.2274000000E+01    0.2212499197E+01    0.1578136147E+03
        58    0.2090000000E+01    0.2083884878E+01    0.1473898059E+03
        59    0.8470000000E+00    0.9689589934E+00    0.5702837192E+02
        60    0.2149000000E+01    0.2028829036E+01    0.1429276933E+03
        61    0.1039000000E+01    0.9696797745E+00    0.5708678909E+02
        62    0.2491000000E+01    0.2620775995E+01    0.1909032375E+03
        63    0.2735000000E+01    0.2610934982E+01    0.1901056526E+03
        64    0.2085000000E+01    0.1930836060E+01    0.1349856534E+03
        65    0.1189000000E+01    0.1227466814E+01    0.7797966358E+02
        66    0.9620000000E+00    0.8649683689E+00    0.4860024044E+02
        67    0.1234000000E+01    0.8234753007E+00    0.4523735041E+02
        68    0.1115000000E+01    0.1005769703E+01    0.6001177070E+02
        69    0.8590000000E+00    0.9176364019E+00    0.5286882820E+02
        70    0.2265000000E+01    0.2666665857E+01    0.1946224746E+03
        71    0.2462000000E+01    0.2348270686E+01    0.1688174910E+03
        72    0.9110000000E+00    0.7992058394E+00    0.4327038260E+02
        73    0.7420000000E+00    0.7933930329E+00    0.4279927188E+02
        74    0.1346000000E+01    0.9641478805E+00    0.5663844550E+02
        75    0.1012000000E+01    0.8474635176E+00    0.4718152419E+02
        76    0.1840000000E+01    0.1759892872E+01    0.1211312154E+03
        77    0.7630000000E+00    0.8259232370E+00    0.4543574838E+02
        78    0.1221000000E+01    0.1236032427E+01    0.7867388108E+02
        79    0.8710000000E+00    0.9317303284E+00    0.5401109911E+02
        80    0.1048000000E+01    0.9508133379E+00    0.5555772040E+02
        81    0.1116000000E+01    0.9063377792E+00    0.5195310836E+02
        82    0.1185000000E+01    0.1184254646E+01    0.7447744558E+02
        83    0.1193000000E+01    0.1446696849E+01    0.9574760726E+02
        84    0.7470000000E+00    0.1036492138E+01    0.6250173289E+02
        85    0.9590000000E+00    0.9227513661E+00    0.5328338087E+02
        86    0.2181000000E+01    0.2028829036E+01    0.1429276933E+03
        87    0.9720000000E+00    0.9491007801E+00    0.5541892267E+02
        88    0.1224000000E+01    0.1244159066E+01    0.7933252108E+02
        89    0.1221000000E+01    0.1230920626E+01    0.7825958476E+02
        90    0.1145000000E+01    0.9733287878E+00    0.5738253079E+02
        91    0.1008000000E+01    0.9147850164E+00    0.5263773187E+02
        92    0.1082000000E+01    0.9864407570E+00    0.5844521698E+02
        93    0.1092000000E+01    0.9244971816E+00    0.5342487403E+02
        94    0.2428000000E+01    0.2725258390E+01    0.1993712255E+03
        95    0.1348000000E+01    0.1196123955E+01    0.7543941788E+02
        96    0.7660000000E+00    0.1191693906E+01    0.7508037550E+02
        97    0.9800000000E+00    0.9010237457E+00    0.5152242172E+02
        98    0.8790000000E+00    0.8991998805E+00    0.5137460286E+02
        99    0.2251000000E+01    0.2228976699E+01    0.1591490674E+03
       100    0.1058000000E+01    0.1069327783E+01    0.6516296444E+02
       101    0.2335000000E+01    0.2265689157E+01    0.1621245031E+03
       102    0.8790000000E+00    0.8946071578E+00    0.5100237631E+02
       103    0.9340000000E+00    0.1044841539E+01    0.6317842703E+02
       104    0.9420000000E+00    0.8938371434E+00    0.5093996893E+02
       105    0.6650000000E+00    0.7933930329E+00    0.4279927188E+02
       106    0.7100000000E+00    0.7639203315E+00    0.4041059691E+02
       107    0.2799000000E+01    0.2724889875E+01    0.1993413585E+03
       108    0.1413000000E+01    0.1076669988E+01    0.6575802832E+02
       109    0.2039000000E+01    0.2083884878E+01    0.1473898059E+03
       110    0.1785000000E+01    0.1707773977E+01    0.1169071336E+03
       111    0.2069000000E+01    0.1925092833E+01    0.1345201819E+03
       112    0.1031000000E+01    0.1148648660E+01    0.7159168611E+02
       113    0.9360000000E+00    0.9757066809E+00    0.5757525197E+02
       114    0.1116000000E+01    0.1054806573E+01    0.6398606346E+02
       115    0.9590000000E+00    0.8825648750E+00    0.5002638503E+02
       116    0.1002000000E+01    0.7756255139E+00    0.4135926720E+02
       117    0.2036000000E+01    0.1976716642E+01    0.1387041384E+03
       118    0.1970000000E+01    0.2006643842E+01    0.1411296492E+03
       119    0.9900000000E+00    0.1032460329E+01    0.6217496674E+02
       120    0.1568000000E+01    0.1548590171E+01    0.1040057586E+03
       121    0.3570000000E+00    0.9406876899E+00    0.5473706668E+02
       122    0.1081000000E+01    0.1210553173E+01    0.7660886318E+02
       123    0.8440000000E+00    0.9111328249E+00    0.5234173259E+02
       124    0.1413000000E+01    0.1259335963E+01    0.8056256351E+02
       125    0.9410000000E+00    0.8541363042E+00    0.4772233374E+02
       126    0.2633000000E+01    0.2374252103E+01    0.1709232077E+03
       127    0.2627000000E+01    0.2371873962E+01    0.1707304664E+03
       128    0.9880000000E+00    0.9329108782E+00    0.5410677917E+02
       129    0.7880000000E+00    0.9321020159E+00    0.5404122328E+02
       130    0.1152000000E+01    0.1132467771E+01    0.7028027303E+02
       131    0.2045000000E+01    0.2089695049E+01    0.1478607030E+03
       132    0.1115000000E+01    0.1027381312E+01    0.6176332747E+02
       133    0.1234000000E+01    0.1129634421E+01    0.7005063850E+02
       134    0.1064000000E+01    0.1093571147E+01    0.6712781715E+02
       135    0.8030000000E+00    0.7639203315E+00    0.4041059691E+02
       136    0.9540000000E+00    0.8124323824E+00    0.4434235465E+02
       137    0.8040000000E+00    0.8378094857E+00    0.4639909356E+02
       138    0.6960000000E+00    0.1176827171E+01    0.7387547076E+02
       139    0.2311000000E+01    0.2211598238E+01    0.1577405947E+03
       140    0.8890000000E+00    0.9366715392E+00    0.5441156958E+02
       141    0.2576000000E+01    0.2495091447E+01    0.1807168779E+03
       142    0.1380000000E+01    0.1250400447E+01    0.7983836645E+02
       143    0.9850000000E+00    0.7839967689E+00    0.4203773257E+02
       144    0.7620000000E+00    0.8662652867E+00    0.4870535178E+02
       145    0.3470000000E+00    0.9479331914E+00    0.5532429307E+02
       146    0.9470000000E+00    0.9837696338E+00    0.5822873037E+02
       147    0.6340000000E+00    0.9477852140E+00    0.5531229994E+02
       148    0.2047000000E+01    0.2078148022E+01    0.1469248507E+03
       149    0.2535000000E+01    0.2312726464E+01    0.1659367373E+03
       150    0.7720000000E+00    0.8505952690E+00    0.4743534335E+02
       151    0.1088000000E+01    0.1027893100E+01    0.6180480636E+02
       152    0.1100000000E+01    0.9747725453E+00    0.5749954305E+02
       153    0.6420000000E+00    0.8450195702E+00    0.4698344951E+02
       154    0.1341000000E+01    0.1181165595E+01    0.7422708720E+02
       155    0.8700000000E+00    0.9500581313E+00    0.5549651314E+02
       156    0.2335000000E+01    0.2348270686E+01    0.1688174910E+03
       157    0.7250000000E+00    0.8413167925E+00    0.4668335037E+02
       158    0.8650000000E+00    0.1104905423E+01    0.6804642659E+02
       159    0.1037000000E+01    0.9801117034E+00    0.5793226597E+02
       160    0.9470000000E+00    0.1049035986E+01    0.6351837451E+02
       161    0.7430000000E+00    0.8605571675E+00    0.4824272566E+02
       162    0.1040000000E+01    0.1176827171E+01    0.7387547076E+02
       163    0.2451000000E+01    0.2495091447E+01    0.1807168779E+03
       164    0.2145000000E+01    0.2138340996E+01    0.1518033126E+03
       165    0.2372000000E+01    0.2613284697E+01    0.1902960900E+03
       166    0.9760000000E+00    0.9831316431E+00    0.5817702312E+02
       167    0.8380000000E+00    0.9618459639E+00    0.5645188199E+02
       168    0.8640000000E+00    0.9645030047E+00    0.5666722726E+02
       169    0.1478000000E+01    0.1354558995E+01    0.8828010761E+02
       170    0.7710000000E+00    0.7834939249E+00    0.4199697856E+02
       171    0.7530000000E+00    0.7708100044E+00    0.4096898445E+02
       172    0.1098000000E+01    0.1084837221E+01    0.6641995839E+02
       173    0.7140000000E+00    0.7708100044E+00    0.4096898445E+02
       174    0.1856000000E+01    0.1754336765E+01    0.1206809094E+03
       175    0.8970000000E+00    0.9650065623E+00    0.5670803911E+02
       176    0.8540000000E+00    0.8232155698E+00    0.4521629999E+02
