     Index       y_measurement           y_fitting        descriptor_1        descriptor_2
         1    0.7560000000E+00    0.5510541783E+00    0.1697087403E+01    0.1131523552E+03
         2    0.9740000000E+00    0.9958027774E+00   -0.7811803083E+00    0.1364556973E+03
         3    0.4710000000E+00    0.4063552814E+00   -0.1208198179E+01    0.9663900048E+02
         4    0.2400000000E+01    0.2254480155E+01    0.1090693831E+01    0.2237885806E+03
         5    0.2023000000E+01    0.1959453558E+01    0.2549221239E+00    0.2023628821E+03
         6    0.7390000000E+00    0.8355938699E+00    0.1909584365E+00    0.1282523747E+03
         7    0.7610000000E+00    0.8053165041E+00   -0.1373143386E+02    0.9275692775E+02
         8    0.1500000000E+01    0.1596003945E+01   -0.2692539279E+01    0.1713529499E+03
         9    0.2316000000E+01    0.2101453631E+01    0.5172741757E+00    0.2123386502E+03
        10    0.1438000000E+01    0.1535870982E+01    0.1451363454E+01    0.1773677860E+03
        11   -0.4100000000E-01    0.2817573803E+00   -0.9951887317E+01    0.6739880269E+02
        12    0.1170000000E+01    0.1123557558E+01   -0.2025590768E+02    0.9799848781E+02
        13   -0.2980000000E+00   -0.1083197837E+00    0.1496092697E+01    0.6927799017E+02
        14    0.7720000000E+00    0.8042833217E+00   -0.1374170686E+02    0.9266421719E+02
        15    0.1680000000E+00    0.1226240237E+00    0.2342364628E+01    0.8651193172E+02
        16    0.1009000000E+01    0.8827042338E+00   -0.1389648052E+01    0.1275489229E+03
        17    0.2415000000E+01    0.2599589504E+01   -0.2172700407E+01    0.2386457352E+03
        18    0.6020000000E+00    0.5568857740E+00   -0.1436440245E+02    0.7488553955E+02
        19    0.1801000000E+01    0.1884422055E+01   -0.2309813269E+01    0.1912535563E+03
        20    0.2664000000E+01    0.2582650087E+01   -0.2990350223E+01    0.2355634191E+03
        21   -0.1470000000E+00   -0.1531840558E+00    0.8181781771E+01    0.8241418228E+02
        22    0.1940000000E+01    0.2037132998E+01    0.1836721741E+00    0.2073031898E+03
        23    0.1559000000E+01    0.1653137295E+01    0.1483092556E+01    0.1851609531E+03
        24   -0.1760000000E+00   -0.1531840558E+00    0.8181781771E+01    0.8241418228E+02
        25    0.2374000000E+01    0.2210222246E+01   -0.1928141525E+01    0.2136115867E+03
        26   -0.1700000000E+00    0.1841357237E+00   -0.7691438047E+00    0.8307219114E+02
        27    0.5820000000E+00    0.5238478840E+00   -0.5412685431E+01    0.9425297506E+02
        28    0.1121000000E+01    0.9149773051E+00   -0.1282493106E+01    0.1299305400E+03
        29    0.1130000000E+01    0.1166265521E+01    0.5097880237E+01    0.1618205939E+03
        30    0.1090000000E+00    0.2628412344E+00   -0.3452381788E+01    0.8179449987E+02
        31    0.2441000000E+01    0.2385221388E+01   -0.2304626565E+01    0.2242215823E+03
        32    0.1110000000E+01    0.1028500547E+01   -0.1161709401E+02    0.1125317255E+03
        33    0.1420000000E+01    0.1456370582E+01   -0.3703883589E+01    0.1597305410E+03
        34    0.1520000000E+00    0.1445964826E+00    0.3355928882E+01    0.9039690251E+02
        35    0.1344000000E+01    0.1576702621E+01   -0.3256014470E+00    0.1757786378E+03
        36    0.4870000000E+00    0.4038358229E+00   -0.6430131264E+01    0.8390708054E+02
        37    0.1009000000E+01    0.9237029364E+00   -0.1385952182E+01    0.1302557727E+03
        38    0.1794000000E+01    0.1872693761E+01   -0.9088811372E+00    0.1938529860E+03
        39    0.2760000000E+00    0.2841488902E+00   -0.9961213622E+01    0.6753373518E+02
        40   -0.3120000000E+00   -0.6399248863E-02   -0.1218969571E+01    0.6945140182E+02
        41    0.2281000000E+01    0.1988467472E+01   -0.1790478366E+01    0.1993500913E+03
        42    0.6730000000E+00    0.6273098650E+00    0.5799045108E+01    0.1280414304E+03
        43    0.1495000000E+01    0.1608856698E+01   -0.2651294946E+01    0.1722979876E+03
        44    0.1596000000E+01    0.2145973462E+01   -0.1247480915E+00    0.2137233468E+03
        45    0.5360000000E+00    0.7641968739E+00   -0.1508011425E+00    0.1227316175E+03
        46    0.7360000000E+00    0.7435583737E+00   -0.1557791853E+02    0.8424947548E+02
        47    0.7490000000E+00    0.9401684097E+00   -0.1503680852E+02    0.9848970728E+02
        48    0.2492000000E+01    0.2418486906E+01    0.1694840873E+01    0.2360350174E+03
        49    0.3740000000E+00    0.9115121499E-01    0.7471673283E+01    0.9678406776E+02
        50    0.9030000000E+00    0.4831931087E+00   -0.2273438028E+01    0.9913197549E+02
        51    0.4680000000E+00    0.6752001843E+00   -0.7543417061E+01    0.9908542843E+02
        52    0.6690000000E+00    0.5818525336E+00    0.5676534165E+01    0.1247552585E+03
        53    0.3390000000E+00    0.6963137473E+00    0.6149592900E+01    0.1334258547E+03
        54    0.2338000000E+01    0.2026115815E+01    0.6142648588E+00    0.2076143779E+03
        55    0.7600000000E-01    0.1562529755E+00    0.9558455564E+00    0.8538837800E+02
        56    0.1969000000E+01    0.2059145194E+01   -0.5473969346E+00    0.2069924681E+03
        57    0.1195000000E+01    0.9045351406E+00    0.7030702689E+00    0.1340214685E+03
        58    0.1712000000E+01    0.1839101792E+01    0.3325993618E+00    0.1946299508E+03
        59   -0.2080000000E+00   -0.2392143148E+00    0.5496022085E+01    0.7028983920E+02
        60    0.1060000000E+00    0.8110222523E-01    0.1079098501E+02    0.1041104181E+03
        61    0.7650000000E+00    0.8095035163E+00   -0.4683708279E+01    0.1148050172E+03
        62    0.2223000000E+01    0.2343707879E+01    0.3334219485E+00    0.2278379817E+03
        63    0.1937000000E+01    0.1644472710E+01   -0.8648304674E+01    0.1602104521E+03
        64    0.2023000000E+01    0.1976980510E+01   -0.7591880118E+00    0.2010758915E+03
        65    0.2779000000E+01    0.2599084314E+01   -0.2998264432E+01    0.2366258432E+03
        66    0.2145000000E+01    0.1893772445E+01    0.1053514343E+01    0.1999624204E+03
        67    0.4390000000E+00    0.3938963906E+00   -0.6193177692E+01    0.8382321540E+02
        68    0.4580000000E+00    0.5631939135E+00   -0.1453690518E+02    0.7488553955E+02
        69    0.2500000000E+00    0.8125029537E-01   -0.4088137714E+01    0.6831485597E+02
        70    0.1890000000E+01    0.2077659076E+01   -0.1397059493E+01    0.2061661520E+03
        71    0.1056000000E+01    0.9056572210E+00   -0.1189363222E+01    0.1295413325E+03
        72    0.7550000000E+00    0.6018274047E+00    0.1668022794E+01    0.1164235910E+03
        73    0.8170000000E+00    0.9088035549E+00    0.1978529717E+00    0.1330865941E+03
        74    0.2464000000E+01    0.2490404882E+01    0.4665774246E+00    0.2378119352E+03
        75    0.8670000000E+00    0.8149759695E+00   -0.1420700172E+02    0.9224816503E+02
        76    0.1179000000E+01    0.1107425163E+01   -0.1936431463E+02    0.9908242189E+02
        77    0.3370000000E+00    0.2876911532E+00    0.1936525649E+01    0.9639770473E+02
        78    0.4110000000E+00    0.2531780942E+00   -0.5996894836E+01    0.7503546050E+02
        79    0.1160000000E+01    0.1087304351E+01   -0.1887580497E+02    0.9893390967E+02
        80    0.1632000000E+01    0.1287792325E+01   -0.1079226485E+02    0.1315795303E+03
        81    0.3950000000E+00    0.2752378208E+00    0.1957884196E+01    0.9562959961E+02
        82    0.5710000000E+00    0.5331263856E+00   -0.5391282042E+01    0.9491506048E+02
        83    0.1231000000E+01    0.1587053127E+01   -0.1081905737E+01    0.1746397820E+03
        84    0.1139000000E+01    0.1109921930E+01   -0.1986266000E+02    0.9804749931E+02
        85    0.2058000000E+01    0.2076991133E+01   -0.1421620000E+01    0.2060630947E+03
        86    0.8870000000E+00    0.7470538894E+00   -0.1548041936E+02    0.8471412421E+02
        87    0.2479000000E+01    0.2553320722E+01   -0.1253922616E+01    0.2378119352E+03
        88    0.2347000000E+01    0.2374231786E+01   -0.9263871994E+00    0.2268150141E+03
        89    0.1319000000E+01    0.1554314409E+01    0.3962789395E+00    0.1760425036E+03
        90    0.8600000000E+00    0.9086045686E+00   -0.5110172142E+00    0.1313676656E+03
        91   -0.7100000000E-01    0.2218817150E+00   -0.8258452007E+01    0.6753373518E+02
        92    0.4530000000E+00    0.4463862845E+00   -0.6297520404E+01    0.8702626786E+02
        93   -0.6800000000E-01    0.2215527672E+00    0.9149098267E+00    0.8958698051E+02
        94    0.6930000000E+00    0.8019663202E+00   -0.1354333466E+02    0.9298911018E+02
        95    0.7990000000E+00    0.7139078083E+00   -0.8147749413E+01    0.1001783451E+03
        96    0.1131000000E+01    0.1650132092E+01   -0.2187369753E+01    0.1761305469E+03
        97    0.3180000000E+00    0.8090213422E-01    0.3498671609E+01    0.8654893725E+02
        98    0.1782000000E+01    0.1443101826E+01   -0.9423252281E+00    0.1655028271E+03
        99    0.5400000000E-01    0.1581499510E-01    0.1136072119E+02    0.1011851542E+03
       100   -0.4800000000E-01    0.7581965416E-01    0.1097872788E+02    0.1042145806E+03
       101    0.1730000000E+01    0.1493544812E+01   -0.1703667846E+00    0.1706799230E+03
       102    0.6020000000E+00    0.4319708000E+00   -0.6403506736E+01    0.8582259728E+02
       103    0.8210000000E+00    0.8971379347E+00   -0.5412685431E+01    0.1188176582E+03
       104    0.1418000000E+01    0.1636031988E+01   -0.7072550256E+01    0.1634469179E+03
       105    0.1268000000E+01    0.1263204561E+01    0.5261348908E+01    0.1685931265E+03
       106    0.2580000000E+01    0.2399305465E+01   -0.2269530486E+01    0.2252328531E+03
       107    0.4030000000E+00    0.4464692951E+00   -0.6172993533E+01    0.8733139346E+02
       108    0.2000000000E+00    0.2687284451E+00   -0.2525639829E+01    0.8441203638E+02
       109    0.7990000000E+00    0.8119328310E+00   -0.1427681487E+02    0.9187990937E+02
       110    0.8730000000E+00    0.8472925889E+00   -0.5536231911E+00    0.1272304488E+03
       111    0.1713000000E+01    0.1886235726E+01   -0.2279893623E+01    0.1914449055E+03
       112    0.1108000000E+01    0.8736542207E+00   -0.1406523277E+01    0.1269127700E+03
       113    0.2252000000E+01    0.2182050026E+01    0.2739631415E+00    0.2170568608E+03
       114    0.5090000000E+00    0.3376661804E+00    0.2981951655E+01    0.1022020819E+03
