     Index       y_measurement           y_fitting        descriptor_1        descriptor_2        descriptor_3        descriptor_4
         1    0.7560000000E+00    0.6069172598E+00    0.3215830367E+01    0.6396900963E-01    0.1697087403E+01    0.2463079130E+00
         2    0.9740000000E+00    0.9682114156E+00    0.3446795688E+01    0.7843020868E-01   -0.7811803083E+00    0.2385357829E+00
         3    0.4710000000E+00    0.2248599348E+00    0.3117710685E+01    0.7293062304E-01   -0.1208198179E+01   -0.1067370325E+01
         4    0.2400000000E+01    0.2470443842E+01    0.3941986912E+01    0.6300783577E-01    0.1090693831E+01    0.2808069309E+01
         5    0.2023000000E+01    0.1954601166E+01    0.3844224007E+01    0.7131034154E-01    0.2549221239E+00    0.3950938792E+00
         6    0.7390000000E+00    0.9021424572E+00    0.3409510083E+01    0.7658066402E-01    0.1909584365E+00    0.4422298536E+00
         7    0.7610000000E+00    0.7735441394E+00    0.3100242937E+01    0.6478889200E-01   -0.1373143386E+02    0.3018322977E+00
         8    0.1500000000E+01    0.1379786123E+01    0.3555862865E+01    0.7068230550E-01   -0.2692539279E+01    0.1345651056E+00
         9    0.2316000000E+01    0.2312149481E+01    0.3976863249E+01    0.8323706426E-01    0.5172741757E+00    0.3616514459E+01
        10    0.1438000000E+01    0.1274855217E+01    0.3576362840E+01    0.7722806966E-01    0.1451363454E+01    0.9993545232E+00
        11   -0.4100000000E-01    0.2422883062E+00    0.2947521052E+01    0.6899105876E-01   -0.9951887317E+01    0.9401265417E-01
        12    0.1170000000E+01    0.1216307493E+01    0.3083805609E+01    0.4498004441E-01   -0.2025590768E+02    0.1252828929E+00
        13   -0.2980000000E+00   -0.2559001027E+00    0.2956891699E+01    0.8163841666E-01    0.1496092697E+01    0.1063956534E+00
        14    0.7720000000E+00    0.8082672442E+00    0.3099821265E+01    0.6253502279E-01   -0.1374170686E+02    0.3034441449E+00
        15    0.1680000000E+00    0.1121338601E+00    0.3035610779E+01    0.6801342093E-01    0.2342364628E+01    0.1330621063E+00
        16    0.1009000000E+01    0.9848502254E+00    0.3406245314E+01    0.7378775550E-01   -0.1389648052E+01    0.4655853794E+00
        17    0.2415000000E+01    0.2460374243E+01    0.3927716005E+01    0.5446712419E-01   -0.2172700407E+01    0.2250335028E+00
        18    0.6020000000E+00    0.6216959604E+00    0.2983214330E+01    0.5793262759E-01   -0.1436440245E+02    0.1204885901E+00
        19    0.1801000000E+01    0.1730080257E+01    0.3713111574E+01    0.7101363184E-01   -0.2309813269E+01    0.3042819976E+00
        20    0.2664000000E+01    0.2542886836E+01    0.3918808265E+01    0.4950542566E-01   -0.2990350223E+01    0.2487774688E+00
        21   -0.1470000000E+00   -0.1604200310E+00    0.3018287926E+01    0.7610885807E-01    0.8181781771E+01    0.8612828778E+00
        22    0.1940000000E+01    0.2112046820E+01    0.3959968530E+01    0.7969446065E-01    0.1836721741E+00    0.7356601640E+00
        23    0.1559000000E+01    0.1470679280E+01    0.3602307339E+01    0.6813294606E-01    0.1483092556E+01    0.9516029980E+00
        24   -0.1760000000E+00   -0.1604200310E+00    0.3018287926E+01    0.7610885807E-01    0.8181781771E+01    0.8612828778E+00
        25    0.2374000000E+01    0.2333171135E+01    0.3931684433E+01    0.6376394030E-01   -0.1928141525E+01    0.4305178514E+00
        26   -0.1700000000E+00   -0.9216665347E-01    0.3014058952E+01    0.6947217400E-01   -0.7691438047E+00   -0.2668413099E+01
        27    0.5820000000E+00    0.4611511364E+00    0.3107017992E+01    0.7075227517E-01   -0.5412685431E+01    0.3009707931E+00
        28    0.1121000000E+01    0.9844921330E+00    0.3417254417E+01    0.7495079087E-01   -0.1282493106E+01    0.4166613843E+00
        29    0.1130000000E+01    0.1331803355E+01    0.3451206458E+01    0.4865472713E-01    0.5097880237E+01    0.9178369157E+00
        30    0.1090000000E+00    0.2551912028E+00    0.3006860974E+01    0.6595019645E-01   -0.3452381788E+01    0.2869342368E+00
        31    0.2441000000E+01    0.2417049344E+01    0.3921659725E+01    0.5741534992E-01   -0.2304626565E+01    0.3857638011E+00
        32    0.1110000000E+01    0.1109691491E+01    0.3213286191E+01    0.5539780604E-01   -0.1161709401E+02    0.2398933672E+00
        33    0.1420000000E+01    0.1550035492E+01    0.3444179197E+01    0.4561175883E-01   -0.3703883589E+01    0.1379540114E+00
        34    0.1520000000E+00    0.2701337419E+00    0.3054132538E+01    0.7503796016E-01    0.3355928882E+01    0.3367434535E+01
        35    0.1344000000E+01    0.1200635398E+01    0.3570988017E+01    0.7456288145E-01   -0.3256014470E+00   -0.9536370901E+00
        36    0.4870000000E+00    0.4388949271E+00    0.3018727847E+01    0.6217313264E-01   -0.6430131264E+01    0.4664237435E+00
        37    0.1009000000E+01    0.1009644143E+01    0.3418748170E+01    0.7389500530E-01   -0.1385952182E+01    0.4467753593E+00
        38    0.1794000000E+01    0.1673568106E+01    0.3721722611E+01    0.7340745184E-01   -0.9088811372E+00    0.3176839785E+00
        39    0.2760000000E+00    0.2628803302E+00    0.2948197011E+01    0.6779542769E-01   -0.9961213622E+01    0.9542702938E-01
        40   -0.3120000000E+00   -0.2520108890E+00    0.2957751710E+01    0.8293635410E-01   -0.1218969571E+01   -0.5814151094E+00
        41    0.2281000000E+01    0.2047804113E+01    0.3834178813E+01    0.6734786121E-01   -0.1790478366E+01    0.3464785181E+00
        42    0.6730000000E+00    0.7813795893E+00    0.3288126154E+01    0.6166958330E-01    0.5799045108E+01    0.1410972974E+01
        43    0.1495000000E+01    0.1369745239E+01    0.3559112240E+01    0.7169218916E-01   -0.2651294946E+01    0.1297979038E+00
        44    0.1596000000E+01    0.1902087175E+01    0.3981465709E+01    0.7549718852E-01   -0.1247480915E+00   -0.3484672500E+01
        45    0.5360000000E+00    0.6475766390E+00    0.3383585317E+01    0.7628034460E-01   -0.1508011425E+00   -0.2231953048E+01
        46    0.7360000000E+00    0.7988040280E+00    0.3025538647E+01    0.5489300391E-01   -0.1557791853E+02    0.1257246130E+00
        47    0.7490000000E+00    0.1017629946E+01    0.3085835749E+01    0.4845328401E-01   -0.1503680852E+02    0.1006770789E+00
        48    0.2492000000E+01    0.2472304172E+01    0.3920175781E+01    0.5326338456E-01    0.1694840873E+01    0.1734445723E+01
        49    0.3740000000E+00    0.2522179474E+00    0.3118356384E+01    0.7226394384E-01    0.7471673283E+01    0.2231176091E+01
        50    0.9030000000E+00    0.5153806540E+00    0.3088482788E+01    0.5467798959E-01   -0.2273438028E+01   -0.5518241961E+00
        51    0.4680000000E+00    0.5813272864E+00    0.3128533465E+01    0.6931964741E-01   -0.7543417061E+01    0.1675123791E+00
        52    0.6690000000E+00    0.7452847121E+00    0.3275470891E+01    0.6253020006E-01    0.5676534165E+01    0.1440364746E+01
        53    0.3390000000E+00    0.6871899791E+00    0.3308128803E+01    0.6755796869E-01    0.6149592900E+01    0.9400605734E+00
        54    0.2338000000E+01    0.2394581167E+01    0.3961019901E+01    0.7997117975E-01    0.6142648588E+00    0.4500272560E+01
        55    0.7600000000E-01    0.1019693687E+00    0.3026945773E+01    0.7167703887E-01    0.9558455564E+00    0.4825762055E+00
        56    0.1969000000E+01    0.2137582847E+01    0.3958917765E+01    0.7941580641E-01   -0.5473969346E+00    0.7730839023E+00
        57    0.1195000000E+01    0.1058297741E+01    0.3435879022E+01    0.7983104334E-01    0.7030702689E+00    0.2501290506E+01
        58    0.1712000000E+01    0.1625001804E+01    0.3724282722E+01    0.7482767610E-01    0.3325993618E+00    0.3540119014E+00
        59   -0.2080000000E+00   -0.3825057159E+00    0.2961898579E+01    0.8639130760E-01    0.5496022085E+01    0.7300045818E+00
        60    0.1060000000E+00    0.2129784041E+00    0.3108722978E+01    0.6043832112E-01    0.1079098501E+02    0.8463473408E+00
        61    0.7650000000E+00    0.8631771442E+00    0.3222568444E+01    0.5998956479E-01   -0.4683708279E+01    0.2363267732E+00
        62    0.2223000000E+01    0.2339386683E+01    0.3932655972E+01    0.5931285565E-01    0.3334219485E+00    0.4064120648E+00
        63    0.1937000000E+01    0.1763408777E+01    0.3445797502E+01    0.4108873527E-01   -0.8648304674E+01    0.1349352703E+00
        64    0.2023000000E+01    0.2038178116E+01    0.3938721509E+01    0.8168086533E-01   -0.7591880118E+00    0.4606450936E+00
        65    0.2779000000E+01    0.2542221644E+01    0.3921886660E+01    0.5002501081E-01   -0.2998264432E+01    0.2529736508E+00
        66    0.2145000000E+01    0.1930795043E+01    0.3789268534E+01    0.7432630281E-01    0.1053514343E+01    0.2542221256E+01
        67    0.4390000000E+00    0.4058457521E+00    0.3018260073E+01    0.6380143614E-01   -0.6193177692E+01    0.4682216324E+00
        68    0.4580000000E+00    0.5924460122E+00    0.2983214330E+01    0.6012080495E-01   -0.1453690518E+02    0.1219860317E+00
        69    0.2500000000E+00   -0.2576376593E-01    0.2952100665E+01    0.7625644064E-01   -0.4088137714E+01    0.9949696621E-01
        70    0.1890000000E+01    0.2175480504E+01    0.3956118681E+01    0.7789551176E-01   -0.1397059493E+01    0.7283284265E+00
        71    0.1056000000E+01    0.9667217831E+00    0.3415463814E+01    0.7546770921E-01   -0.1189363222E+01    0.3780245861E+00
        72    0.7550000000E+00    0.6469611553E+00    0.3229116450E+01    0.6330261732E-01    0.1668022794E+01    0.2334522050E+00
        73    0.8170000000E+00    0.9218331182E+00    0.3431654015E+01    0.7833502630E-01    0.1978529717E+00    0.4121756879E+00
        74    0.2464000000E+01    0.2426601305E+01    0.3925313372E+01    0.5172928543E-01    0.4665774246E+00    0.2646000151E+00
        75    0.8670000000E+00    0.8149301076E+00    0.3097926319E+01    0.6271420722E-01   -0.1420700172E+02    0.3112532671E+00
        76    0.1179000000E+01    0.1205057658E+01    0.3088278854E+01    0.4470065804E-01   -0.1936431463E+02    0.1182898810E+00
        77    0.3370000000E+00    0.1988418166E+00    0.3116635563E+01    0.7572856421E-01    0.1936525649E+01    0.3123370954E+00
        78    0.4110000000E+00    0.2465223064E+00    0.2983927090E+01    0.6699054547E-01   -0.5996894836E+01    0.1272270774E+00
        79    0.1160000000E+01    0.1166652911E+01    0.3087667369E+01    0.4619630592E-01   -0.1887580497E+02    0.1197810380E+00
        80    0.1632000000E+01    0.1431247903E+01    0.3315106585E+01    0.4781895337E-01   -0.1079226485E+02    0.2112969502E+00
        81    0.3950000000E+00    0.2036180699E+00    0.3113203910E+01    0.7486089382E-01    0.1957884196E+01    0.3060842396E+00
        82    0.5710000000E+00    0.4610462862E+00    0.3109998834E+01    0.7117093743E-01   -0.5391282042E+01    0.3055006397E+00
        83    0.1231000000E+01    0.1305038200E+01    0.3567118073E+01    0.7419283625E-01   -0.1081905737E+01    0.1378425568E+00
        84    0.1139000000E+01    0.1178427574E+01    0.3084008387E+01    0.4671687149E-01   -0.1986266000E+02    0.1240745416E+00
        85    0.2058000000E+01    0.2168080908E+01    0.3955769098E+01    0.7856788605E-01   -0.1421620000E+01    0.7690673852E+00
        86    0.8870000000E+00    0.8191198763E+00    0.3027616847E+01    0.5371636105E-01   -0.1548041936E+02    0.1256445676E+00
        87    0.2479000000E+01    0.2484544053E+01    0.3925313372E+01    0.5110346652E-01   -0.1253922616E+01    0.2608581967E+00
        88    0.2347000000E+01    0.2368579558E+01    0.3929556422E+01    0.5923926642E-01   -0.9263871994E+00    0.4003390461E+00
        89    0.1319000000E+01    0.1251967363E+01    0.3571882494E+01    0.7565154425E-01    0.3962789395E+00    0.1464560237E+00
        90    0.8600000000E+00    0.9413979269E+00    0.3423837709E+01    0.7717433627E-01   -0.5110172142E+00    0.3993465962E+00
        91   -0.7100000000E-01    0.1855539921E-01    0.2948197011E+01    0.8029784151E-01   -0.8258452007E+01    0.8497750580E-01
        92    0.4530000000E+00    0.4637022731E+00    0.3035936508E+01    0.6283459859E-01   -0.6297520404E+01    0.4698482938E+00
        93   -0.6800000000E-01    0.1484155400E+00    0.3049797026E+01    0.7217654655E-01    0.9149098267E+00    0.5057489955E+00
        94    0.6930000000E+00    0.7758224479E+00    0.3101298027E+01    0.6445232025E-01   -0.1354333466E+02    0.3011097454E+00
        95    0.7990000000E+00    0.7848535826E+00    0.3092777531E+01    0.5201366446E-01   -0.8147749413E+01    0.1175443026E+00
        96    0.1131000000E+01    0.1364299166E+01    0.3572180771E+01    0.7305994377E-01   -0.2187369753E+01    0.1257899297E+00
        97    0.3180000000E+00    0.3046057768E+00    0.3033326589E+01    0.7052694089E-01    0.3498671609E+01    0.3553041752E+01
        98    0.1782000000E+01    0.1440071507E+01    0.3463458939E+01    0.4633423688E-01   -0.9423252281E+00   -0.6763737316E+00
        99    0.5400000000E-01    0.1931896023E+00    0.3096889293E+01    0.5910179295E-01    0.1136072119E+02    0.8705370526E+00
       100   -0.4800000000E-01    0.2111554698E+00    0.3109141290E+01    0.6012916829E-01    0.1097872788E+02    0.8170258534E+00
       101    0.1730000000E+01    0.1730750427E+01    0.3686372026E+01    0.7839061627E-01   -0.1703667846E+00    0.3303336574E+01
       102    0.6020000000E+00    0.4104696995E+00    0.3032554457E+01    0.6422194864E-01   -0.6403506736E+01    0.1280992926E+00
       103    0.8210000000E+00    0.9323140835E+00    0.3221638835E+01    0.5621848057E-01   -0.5412685431E+01    0.1311296739E+00
       104    0.1418000000E+01    0.1741268278E+01    0.3456637916E+01    0.4121754093E-01   -0.7072550256E+01    0.1339234119E+00
       105    0.1268000000E+01    0.1294545718E+01    0.3473618856E+01    0.5402894651E-01    0.5261348908E+01    0.9319110590E+00
       106    0.2580000000E+01    0.2416704058E+01    0.3924745568E+01    0.5780488252E-01   -0.2269530486E+01    0.3833628401E+00
       107    0.4030000000E+00    0.4439951422E+00    0.3037600481E+01    0.6411728998E-01   -0.6172993533E+01    0.4714749551E+00
       108    0.2000000000E+00    0.2345732658E+00    0.3021538626E+01    0.6865955940E-01   -0.2525639829E+01    0.4762693255E+00
       109    0.7990000000E+00    0.8190213878E+00    0.3096245462E+01    0.6235480559E-01   -0.1427681487E+02    0.3147548663E+00
       110    0.8730000000E+00    0.9294338776E+00    0.3404763619E+01    0.7567250726E-01   -0.5536231911E+00    0.4773977132E+00
       111    0.1713000000E+01    0.1714445644E+01    0.3713747878E+01    0.7208051953E-01   -0.2279893623E+01    0.3102130870E+00
       112    0.1108000000E+01    0.9721935777E+00    0.3403283355E+01    0.7432092252E-01   -0.1406523277E+01    0.4891203331E+00
       113    0.2252000000E+01    0.2262514956E+01    0.3942747076E+01    0.6601415034E-01    0.2739631415E+00    0.4524106201E+00
       114    0.5090000000E+00    0.4215504478E+00    0.3101022051E+01    0.5640771350E-01    0.2981951655E+01    0.1217863870E+00
