     Index       y_measurement           y_fitting        descriptor_1        descriptor_2        descriptor_3
         1    0.7560000000E+00    0.5748247550E+00    0.1537987699E+04    0.1697087403E+01   -0.6753316419E+00
         2    0.9740000000E+00    0.9413337770E+00    0.1657580315E+04   -0.7811803083E+00   -0.3440281975E+00
         3    0.4710000000E+00    0.4491045264E+00    0.1355886551E+04   -0.1208198179E+01   -0.5978869673E+00
         4    0.2400000000E+01    0.2373118763E+01    0.2663497380E+04    0.1090693831E+01   -0.1789095555E+00
         5    0.2023000000E+01    0.1901389058E+01    0.2447930460E+04    0.2549221239E+00   -0.8636207373E+00
         6    0.7390000000E+00    0.8122651659E+00    0.1595652341E+04    0.1909584365E+00   -0.3440281975E+00
         7    0.7610000000E+00    0.8187300746E+00    0.1314320685E+04   -0.1373143386E+02   -0.8620420544E+00
         8    0.1500000000E+01    0.1294022206E+01    0.2107459321E+04   -0.2692539279E+01   -0.1688137400E+01
         9    0.2316000000E+01    0.2278330131E+01    0.2578526052E+04    0.5172741757E+00   -0.1592645718E+00
        10    0.1438000000E+01    0.1518179890E+01    0.2154896020E+04    0.1451363454E+01   -0.5414593791E+00
        11   -0.4100000000E-01    0.2024363021E+00    0.1012883780E+04   -0.9951887317E+01   -0.9559891572E+00
        12    0.1170000000E+01    0.1189742548E+01    0.1345254919E+04   -0.2025590768E+02   -0.6362927771E+00
        13   -0.2980000000E+00   -0.2238569846E+00    0.1036713675E+04    0.1496092697E+01   -0.9559891572E+00
        14    0.7720000000E+00    0.8176870770E+00    0.1313317642E+04   -0.1374170686E+02   -0.8620420544E+00
        15    0.1680000000E+00    0.8362595125E-01    0.1225730239E+04    0.2342364628E+01   -0.7172258302E+00
        16    0.1009000000E+01    0.8680330486E+00    0.1590234450E+04   -0.1389648052E+01   -0.3440281975E+00
        17    0.2415000000E+01    0.2619421260E+01    0.2791278640E+04   -0.2172700407E+01   -0.4303941094E+00
        18    0.6020000000E+00    0.5408988908E+00    0.1097268191E+04   -0.1436440245E+02   -0.8197395640E+00
        19    0.1801000000E+01    0.1723157334E+01    0.2309734944E+04   -0.2309813269E+01   -0.1151281421E+01
        20    0.2664000000E+01    0.2619969295E+01    0.2768987383E+04   -0.2990350223E+01   -0.4303941094E+00
        21   -0.1470000000E+00   -0.1265066747E+00    0.1182819284E+04    0.8181781771E+01   -0.4065220978E+00
        22    0.1940000000E+01    0.2090399978E+01    0.2541205523E+04    0.1836721741E+00   -0.6831640083E+00
        23    0.1559000000E+01    0.1604197917E+01    0.2215009728E+04    0.1483092556E+01   -0.5414593791E+00
        24   -0.1760000000E+00   -0.1265066747E+00    0.1182819284E+04    0.8181781771E+01   -0.4065220978E+00
        25    0.2374000000E+01    0.2271238187E+01    0.2585839013E+04   -0.1928141525E+01   -0.5728037854E+00
        26   -0.1700000000E+00    0.9202055765E-01    0.1166151308E+04   -0.7691438047E+00   -0.8252935319E+00
        27    0.5820000000E+00    0.5072217085E+00    0.1330438900E+04   -0.5412685431E+01   -0.8620420544E+00
        28    0.1121000000E+01    0.8902540740E+00    0.1608507153E+04   -0.1282493106E+01   -0.3440281975E+00
        29    0.1130000000E+01    0.1262580700E+01    0.2019617829E+04    0.5097880237E+01   -0.2294033423E+00
        30    0.1090000000E+00    0.2850188426E+00    0.1153717101E+04   -0.3452381788E+01   -0.4585231959E+00
        31    0.2441000000E+01    0.2432025174E+01    0.2670697778E+04   -0.2304626565E+01   -0.4930608263E+00
        32    0.1110000000E+01    0.1101881841E+01    0.1531807288E+04   -0.1161709401E+02   -0.6753316419E+00
        33    0.1420000000E+01    0.1523339280E+01    0.2001793742E+04   -0.3703883589E+01   -0.4704785354E+00
        34    0.1520000000E+00    0.2949677562E+00    0.1235511579E+04    0.3355928882E+01    0.1298405099E+00
        35    0.1344000000E+01    0.1316488262E+01    0.2142453324E+04   -0.3256014470E+00   -0.1449827067E+01
        36    0.4870000000E+00    0.4346783525E+00    0.1174220600E+04   -0.6430131264E+01   -0.4585231959E+00
        37    0.1009000000E+01    0.8980206998E+00    0.1610987120E+04   -0.1385952182E+01   -0.3440281975E+00
        38    0.1794000000E+01    0.1695287640E+01    0.2329382868E+04   -0.9088811372E+00   -0.1151281421E+01
        39    0.2760000000E+00    0.2053104467E+00    0.1014604420E+04   -0.9961213622E+01   -0.9559891572E+00
        40   -0.3120000000E+00    0.2550572163E-01    0.1038898375E+04   -0.1218969571E+01   -0.4687005940E+00
        41    0.2281000000E+01    0.1950960865E+01    0.2425359786E+04   -0.1790478366E+01   -0.8636207373E+00
        42    0.6730000000E+00    0.7419640718E+00    0.1688644214E+04    0.5799045108E+01   -0.2712572923E+00
        43    0.1495000000E+01    0.1303275131E+01    0.2114974568E+04   -0.2651294946E+01   -0.1688137400E+01
        44    0.1596000000E+01    0.2166850504E+01    0.2588696198E+04   -0.1247480915E+00   -0.7007187141E+00
        45    0.5360000000E+00    0.6567363124E+00    0.1552652214E+04   -0.1508011425E+00   -0.7243885970E+00
        46    0.7360000000E+00    0.7674920418E+00    0.1199831954E+04   -0.1557791853E+02   -0.7172258302E+00
        47    0.7490000000E+00    0.9872643278E+00    0.1350518725E+04   -0.1503680852E+02   -0.6362927771E+00
        48    0.2492000000E+01    0.2504381592E+01    0.2772409054E+04    0.1694840873E+01   -0.1880677116E+00
        49    0.3740000000E+00    0.1720488714E+00    0.1357423644E+04    0.7471673283E+01   -0.3481005020E+00
        50    0.9030000000E+00    0.5934310950E+00    0.1357382177E+04   -0.2273438028E+01   -0.2444993080E+00
        51    0.4680000000E+00    0.6673824503E+00    0.1381656646E+04   -0.7543417061E+01   -0.8620420544E+00
        52    0.6690000000E+00    0.7017490051E+00    0.1657554657E+04    0.5676534165E+01   -0.2712572923E+00
        53    0.3390000000E+00    0.7483084403E+00    0.1729281868E+04    0.6149592900E+01   -0.4085120848E+00
        54    0.2338000000E+01    0.2223601250E+01    0.2543527436E+04    0.6142648588E+00   -0.1592645718E+00
        55    0.7600000000E-01    0.1579535195E+00    0.1188431277E+04    0.9558455564E+00   -0.4585231959E+00
        56    0.1969000000E+01    0.2116463229E+01    0.2538885023E+04   -0.5473969346E+00   -0.6831640083E+00
        57    0.1195000000E+01    0.1003860393E+01    0.1639439144E+04    0.7030702689E+00    0.1850750872E+00
        58    0.1712000000E+01    0.1653790282E+01    0.2335225799E+04    0.3325993618E+00   -0.1151281421E+01
        59   -0.2080000000E+00   -0.2334679695E+00    0.1049427671E+04    0.5496022085E+01   -0.4826444595E+00
        60    0.1060000000E+00    0.1125523561E+00    0.1409871915E+04    0.1079098501E+02   -0.3553063595E+00
        61    0.7650000000E+00    0.8554941688E+00    0.1554361147E+04   -0.4683708279E+01   -0.6753316419E+00
        62    0.2223000000E+01    0.2364203695E+01    0.2697131960E+04    0.3334219485E+00   -0.4930608263E+00
        63    0.1937000000E+01    0.1728362422E+01    0.2005897646E+04   -0.8648304674E+01   -0.4704785354E+00
        64    0.2023000000E+01    0.2060243776E+01    0.2494299252E+04   -0.7591880118E+00   -0.6831640083E+00
        65    0.2779000000E+01    0.2631473600E+01    0.2776690105E+04   -0.2998264432E+01   -0.4303941094E+00
        66    0.2145000000E+01    0.1968721763E+01    0.2402521959E+04    0.1053514343E+01   -0.2747169434E+00
        67    0.4390000000E+00    0.4239643205E+00    0.1173412001E+04   -0.6193177692E+01   -0.4585231959E+00
        68    0.4580000000E+00    0.5478438917E+00    0.1097268191E+04   -0.1453690518E+02   -0.8197395640E+00
        69    0.2500000000E+00   -0.1671872296E-01    0.1024535930E+04   -0.4088137714E+01   -0.9559891572E+00
        70    0.1890000000E+01    0.2141694834E+01    0.2532703930E+04   -0.1397059493E+01   -0.6831640083E+00
        71    0.1056000000E+01    0.8821879160E+00    0.1605534553E+04   -0.1189363222E+01   -0.3440281975E+00
        72    0.7550000000E+00    0.6228886847E+00    0.1570279865E+04    0.1668022794E+01   -0.6753316419E+00
        73    0.8170000000E+00    0.8653807727E+00    0.1632420148E+04    0.1978529717E+00   -0.3440281975E+00
        74    0.2464000000E+01    0.2504431083E+01    0.2785265424E+04    0.4665774246E+00   -0.4303941094E+00
        75    0.8670000000E+00    0.8298744701E+00    0.1308810264E+04   -0.1420700172E+02   -0.8620420544E+00
        76    0.1179000000E+01    0.1170689783E+01    0.1356853395E+04   -0.1936431463E+02   -0.6362927771E+00
        77    0.3370000000E+00    0.2445786329E+00    0.1353327309E+04    0.1936525649E+01   -0.8620420544E+00
        78    0.4110000000E+00    0.2066671946E+00    0.1099090391E+04   -0.5996894836E+01   -0.8197395640E+00
        79    0.1160000000E+01    0.1148719820E+01    0.1355267875E+04   -0.1887580497E+02   -0.6362927771E+00
        80    0.1632000000E+01    0.1389607116E+01    0.1729476486E+04   -0.1079226485E+02   -0.5547087376E+00
        81    0.3950000000E+00    0.2318574958E+00    0.1345159381E+04    0.1957884196E+01   -0.8620420544E+00
        82    0.5710000000E+00    0.5166601970E+00    0.1337531857E+04   -0.5391282042E+01   -0.8620420544E+00
        83    0.1231000000E+01    0.1266988592E+01    0.2133496783E+04   -0.1081905737E+01   -0.1688137400E+01
        84    0.1139000000E+01    0.1174673802E+01    0.1345780683E+04   -0.1986266000E+02   -0.6362927771E+00
        85    0.2058000000E+01    0.2141562670E+01    0.2531931999E+04   -0.1421620000E+01   -0.6831640083E+00
        86    0.8870000000E+00    0.7713282946E+00    0.1205176770E+04   -0.1548041936E+02   -0.7172258302E+00
        87    0.2479000000E+01    0.2573698823E+01    0.2785265424E+04   -0.1253922616E+01   -0.4303941094E+00
        88    0.2347000000E+01    0.2404102090E+01    0.2689679799E+04   -0.9263871994E+00   -0.4930608263E+00
        89    0.1319000000E+01    0.1223489611E+01    0.2144523772E+04    0.3962789395E+00   -0.1688137400E+01
        90    0.8600000000E+00    0.8750678510E+00    0.1619438075E+04   -0.5110172142E+00   -0.3440281975E+00
        91   -0.7100000000E-01    0.1367568596E+00    0.1014604420E+04   -0.8258452007E+01   -0.9559891572E+00
        92    0.4530000000E+00    0.4725687145E+00    0.1203989322E+04   -0.6297520404E+01   -0.4585231959E+00
        93   -0.6800000000E-01    0.2170573473E+00    0.1227996661E+04    0.9149098267E+00   -0.4585231959E+00
        94    0.6930000000E+00    0.8148018771E+00    0.1316830526E+04   -0.1354333466E+02   -0.8620420544E+00
        95    0.7990000000E+00    0.7360477201E+00    0.1368518347E+04   -0.8147749413E+01   -0.6362927771E+00
        96    0.1131000000E+01    0.1328510566E+01    0.2145214217E+04   -0.2187369753E+01   -0.1688137400E+01
        97    0.3180000000E+00    0.2368849396E+00    0.1199471800E+04    0.3498671609E+01    0.1298405099E+00
        98    0.1782000000E+01    0.1545998902E+01    0.2050716683E+04   -0.9423252281E+00   -0.2469281881E+00
        99    0.5400000000E-01    0.4504570815E-01    0.1379180694E+04    0.1136072119E+02   -0.3553063595E+00
       100   -0.4800000000E-01    0.1065694962E+00    0.1410956988E+04    0.1097872788E+02   -0.3553063595E+00
       101    0.1730000000E+01    0.1579113365E+01    0.2045512587E+04   -0.1703667846E+00    0.8500879573E-02
       102    0.6020000000E+00    0.4243267730E+00    0.1217873018E+04   -0.6403506736E+01   -0.7172258302E+00
       103    0.8210000000E+00    0.8810319534E+00    0.1578225871E+04   -0.5412685431E+01   -0.8122707887E+00
       104    0.1418000000E+01    0.1704860953E+01    0.2033400432E+04   -0.7072550256E+01   -0.4704785354E+00
       105    0.1268000000E+01    0.1338638012E+01    0.2076524721E+04    0.5261348908E+01   -0.2294033423E+00
       106    0.2580000000E+01    0.2441383066E+01    0.2678114853E+04   -0.2269530486E+01   -0.4930608263E+00
       107    0.4030000000E+00    0.4717384834E+00    0.1206870007E+04   -0.6172993533E+01   -0.4585231959E+00
       108    0.2000000000E+00    0.2845392804E+00    0.1179079997E+04   -0.2525639829E+01   -0.4585231959E+00
       109    0.7990000000E+00    0.8268795385E+00    0.1304812373E+04   -0.1427681487E+02   -0.8620420544E+00
       110    0.8730000000E+00    0.8308041527E+00    0.1587775832E+04   -0.5536231911E+00   -0.3440281975E+00
       111    0.1713000000E+01    0.1724060732E+01    0.2311186542E+04   -0.2279893623E+01   -0.1151281421E+01
       112    0.1108000000E+01    0.8615754591E+00    0.1585319750E+04   -0.1406523277E+01   -0.3440281975E+00
       113    0.2252000000E+01    0.2219622175E+01    0.2611346490E+04    0.2739631415E+00   -0.5728037854E+00
       114    0.5090000000E+00    0.3190106514E+00    0.1389898279E+04    0.2981951655E+01   -0.6362927771E+00
