   -0.2327616520E+00
   -0.2296485680E+00
   -0.2296196629E+00
   -0.1475403490E-01
    0.5965958460E-01
   -0.2081053060E+00
   -0.4778323410E-01
   -0.1393405000E-03
    0.2831897000E-02
    0.2866323500E-01
    0.4104587419E+00
   -0.2380067410E+00
   -0.3151742810E+00
    0.9743129880E-01
    0.9890742530E-01
   -0.1116275400E-01
    0.9631290000E-02
   -0.1337035867E+00
   -0.4124765800E-01
   -0.1004800747E+00
   -0.5316551000E-01
   -0.7437311260E-01
    0.3167100600E-01
   -0.6807412000E-01
    0.3130495100E-01
    0.1089773850E+00
   -0.1841961290E+00
    0.4674735840E-01
   -0.1653543200E+00
    0.1410159310E+00
   -0.4359532000E-02
    0.1100560813E+00
   -0.3870357460E-01
    0.2027325269E+00
   -0.4939218150E-01
    0.1097260466E+00
    0.6284782060E-01
   -0.6013934050E-01
    0.5476123600E-01
   -0.1153526400E+00
    0.7667793500E-02
    0.2115122000E-02
    0.1760148550E+00
    0.1924098290E+00
    0.5389798410E-01
    0.2826501956E+00
    0.1306004370E+00
    0.1152748282E+00
    0.3383903160E-01
    0.1385719870E+00
    0.7760043700E-01
    0.4185197800E-01
   -0.5931679250E-01
    0.8018930090E-01
    0.1976166500E-01
   -0.1271328249E+00
    0.6150080300E-01
    0.6115122000E-02
   -0.1219589934E+00
    0.1201709640E+00
    0.6932022550E-01
   -0.1297759950E+00
    0.1240650180E+00
    0.1541639400E+00
   -0.3846681400E-01
    0.9703163110E-01
    0.4105246993E+00
    0.1092302970E+00
   -0.5863640190E-01
   -0.4016658570E+00
    0.1137293140E+00
    0.1117941606E+00
   -0.5139303290E-01
    0.3818521195E+00
    0.1645364824E+00
    0.8010712800E-01
   -0.6292323700E-01
   -0.1503242700E-01
   -0.6073032840E-01
    0.9718666210E-01
    0.2096622208E+00
    0.7453540000E-03
   -0.2536968490E+00
   -0.2894921380E+00
    0.3624863390E-01
    0.1521709640E+00
    0.2289921990E-01
   -0.2015906600E-01
   -0.9920626000E-02
    0.1716712122E+00
    0.9321498360E-01
    0.9555924300E-01
    0.1675028184E+00
   -0.2972583900E+00
    0.1518760450E+00
   -0.4256939060E+00
    0.7897625430E-01
   -0.2019988050E-01
    0.2202330100E-01
   -0.1132778300E-01
    0.6931084300E-01
   -0.1560715780E-01
   -0.1108415390E+00
    0.4816285660E-01
   -0.1283930329E+00
   -0.5392033150E-01
    0.7411012500E-01
    0.3363300120E+00
   -0.4488487800E-01
    0.7722602300E-01
    0.1439071670E+00
   -0.1176486600E+00
   -0.3970668090E-01
    0.6119342700E-01
    0.7643512500E-01
    0.2263744861E+00
    0.5928335800E-01
   -0.3664384200E-01
   -0.4246032900E-01
    0.1940982900E-01
   -0.5836876899E+00
   -0.1295531730E+00
   -0.6713282490E-01
    0.1536640370E+00
    0.8686369580E-01
    0.2587478970E+00
    0.2551260380E+00
    0.5508912180E-01
   -0.1441020159E+00
    0.1953222900E-01
   -0.4469504900E-01
    0.8761868800E-01
    0.1043655790E+00
   -0.2957114700E-01
    0.3907966850E-01
    0.1415676176E+00
   -0.3380948570E-01
   -0.4808271710E+00
    0.9940176200E-01
   -0.4767153920E-01
    0.8090855300E-01
    0.1295995530E+00
    0.2010032311E+00
   -0.1042652867E+00
   -0.6009331914E+00
   -0.3676963380E-01
   -0.3137852140E+00
   -0.3114802200E-01
    0.2222735360E+00
   -0.7859526900E-01
    0.6010690000E-01
    0.1252274547E+00
   -0.2030195702E+00
    0.1598344050E+00
   -0.8005813130E-01
   -0.1327068600E-01
   -0.1163167925E+00
   -0.2399054230E+00
    0.5688829660E-01
   -0.1020359860E+00
   -0.1175571675E+00
   -0.1368271710E+00
   -0.4409144700E-01
    0.6659004000E-02
   -0.2412846970E+00
   -0.7131643100E-02
   -0.1238459639E+00
   -0.1005030047E+00
    0.1234410050E+00
   -0.1249392490E-01
   -0.1781000440E-01
    0.1316277900E-01
   -0.5681000440E-01
    0.1016632350E+00
   -0.6800656230E-01
    0.3078443020E-01
