   -0.1495363900E+00
   -0.2570340390E+00
   -0.5902961650E-01
    0.9863334870E-01
   -0.7291017200E-01
   -0.1362741144E+00
   -0.1400431340E+00
   -0.6429719200E-01
    0.1923600215E+00
   -0.1433449730E+00
    0.2219314508E+00
   -0.7010812370E-01
   -0.3032282387E+00
    0.3915628000E-01
    0.6583649810E-01
    0.5808457800E-01
    0.1000172530E+00
   -0.1664703086E+00
   -0.1024904764E+00
    0.1929022330E+00
    0.1693066020E-01
   -0.1654842210E+00
    0.7273107600E-01
    0.9299531420E-01
    0.2786792200E-01
    0.9827477400E-01
   -0.5680193000E-02
    0.2780114230E-01
    0.1380076970E+00
    0.1800880040E+00
    0.8336236000E-01
    0.5398110410E-01
   -0.1191721363E+00
    0.9740935800E-01
   -0.1199103608E+00
    0.6121230100E-01
   -0.6583307670E-01
   -0.1243769040E+00
   -0.2078814200E-01
    0.1016513700E-01
   -0.4717967800E-01
   -0.6088397000E-02
   -0.5080086300E-01
    0.1962588450E+00
    0.1724775846E+00
    0.1814302580E+00
   -0.1083030630E+00
    0.5440151000E-02
   -0.7068809900E-01
    0.5049044500E-01
   -0.1626227960E+00
    0.2990605400E-01
   -0.8142985740E-01
    0.9901780380E-01
   -0.2991823800E-01
   -0.1650133050E+00
    0.1134138780E+00
   -0.3739429000E-02
   -0.1781579760E+00
    0.9107574100E-01
    0.5550782390E-01
   -0.2168834600E-01
    0.1586886900E+00
    0.5629900400E-01
    0.8262152400E-01
   -0.3965498400E-01
    0.2960860091E+00
    0.2844673100E-01
   -0.1043800368E+00
    0.6507219000E-01
    0.6433891600E-01
   -0.4739978370E-01
    0.1059035091E+00
    0.3705059046E+00
    0.1112168706E+00
   -0.1211616270E+00
   -0.1031522470E+00
    0.9205658500E-01
   -0.1102628835E+00
    0.2632052169E+00
    0.9237622600E-01
    0.8328276600E-01
    0.1204184400E-01
   -0.2286745719E+00
   -0.1956431350E-01
    0.1034148660E+00
   -0.8313094900E-01
    0.5515517900E-01
    0.5029562400E-01
    0.1510223530E+00
    0.7076545350E-01
    0.8138132600E-01
    0.5815583000E-01
   -0.1537102640E+00
    0.1724759680E+00
   -0.3750186330E+00
    0.4354864270E-01
   -0.1440744640E+00
    0.2271803900E+00
   -0.9995078000E-02
    0.5933996500E-01
   -0.5106413130E-01
   -0.5982063190E-01
    0.2438292480E-01
    0.2887559060E-01
   -0.9984484960E-01
    0.9293087100E-01
    0.1639235130E+00
   -0.5159610600E-01
   -0.7244139800E-01
    0.4063703800E-01
    0.7422499000E-02
   -0.4104371250E-01
    0.2162217146E+00
    0.2361240320E-01
    0.2553543660E-01
   -0.2403330000E-03
   -0.1304168200E-01
   -0.1471850700E-01
    0.2325884500E-01
   -0.2869711890E-01
   -0.1232175900E-01
   -0.1050781616E+00
    0.2322415320E+00
    0.4122581660E-01
    0.1692133860E+00
    0.9383280600E-01
    0.1388655950E+00
   -0.2543747050E-01
    0.5728775600E-01
   -0.4813207800E-01
    0.9897841000E-01
    0.1231337570E+00
   -0.2512679500E-01
   -0.6844849600E-02
    0.6689393440E-01
   -0.1810995104E+00
   -0.3667808960E+00
    0.5811833000E-02
   -0.1127153300E+00
    0.6058802900E-01
    0.2429020180E+00
    0.3449268680E-01
   -0.1597078280E+00
   -0.3622251456E+00
   -0.5950591600E-01
   -0.7537952730E-01
   -0.4732414100E-01
    0.9827378100E-01
   -0.2198855450E+00
    0.4946195900E-01
    0.3920910000E-01
   -0.4697622040E-01
    0.2583333710E+00
   -0.1826293980E+00
   -0.6266108400E-01
   -0.1384298574E+00
   -0.6086275150E-01
    0.5361923000E-02
    0.8350086070E-01
    0.2833666800E-02
   -0.2278089600E-01
   -0.6441197100E-01
   -0.1533778780E+00
   -0.1477831240E+00
   -0.6091113100E-01
   -0.1159441630E+00
   -0.1564617990E+00
    0.3166128960E+00
   -0.1789007987E+00
   -0.4755197190E-01
    0.4776933600E-01
   -0.8647745130E-01
   -0.6987369700E-01
   -0.1217066820E+00
   -0.8363397580E-01
