   -0.2065780470E+00
   -0.2224056010E+00
   -0.5313439920E-01
    0.5212557320E-01
   -0.2943168580E-01
   -0.1192014929E+00
   -0.1335894640E+00
   -0.1354186860E-01
    0.1543887546E+00
   -0.1152269870E+00
   -0.6514013000E-01
   -0.6301254490E-01
   -0.3139625270E+00
    0.4765341060E-01
    0.5718426490E-01
    0.7536633500E-01
    0.1343281740E+00
   -0.1571611973E+00
   -0.9723229460E-01
    0.1587949898E+00
    0.1726595900E-01
   -0.1592499650E+00
    0.8801469100E-01
    0.1181971728E+00
    0.5708415000E-01
    0.1178021670E+00
    0.4991376000E-02
    0.4317485240E-01
    0.1379141510E+00
    0.1403180540E+00
    0.5953396100E-01
    0.1000600582E+00
   -0.5555006990E-01
    0.1339869710E+00
   -0.1143741308E+00
    0.7492749800E-01
   -0.6451373540E-01
   -0.1189498756E+00
   -0.1405355200E-01
    0.6658630300E-01
    0.5369589400E-02
    0.2414321400E-01
   -0.5851061800E-01
    0.1960782010E+00
    0.1522144943E+00
    0.2181156870E+00
   -0.1358575420E+00
    0.4976796880E-01
   -0.2443380900E-01
    0.8043704400E-01
   -0.1248829010E+00
    0.1696982800E-01
   -0.7298569880E-01
    0.5926186020E-01
   -0.1611621400E-01
   -0.1787279243E+00
    0.1031735170E+00
    0.2583189900E-01
   -0.1654931190E+00
    0.1212102950E+00
    0.9448809000E-02
   -0.6414892000E-02
    0.1329781810E+00
    0.8471551900E-01
    0.9779954100E-01
    0.4122584100E-02
    0.4281576000E-02
    0.3555365300E-01
   -0.3997275390E-01
    0.5183891200E-01
    0.7361747500E-01
   -0.1601025860E-01
    0.5724165350E-01
    0.8115965300E-01
    0.1570835254E+00
   -0.9359287700E-01
   -0.9863334470E-01
    0.1075887750E+00
   -0.1194883830E+00
    0.2854784683E+00
    0.7028679100E-01
    0.9744124100E-01
   -0.1026883000E-02
   -0.2125681740E+00
    0.3270107840E-01
    0.1324628300E+00
   -0.3700730000E-01
    0.7231541000E-01
    0.2741347400E-01
    0.1632337654E+00
    0.8405795520E-01
    0.9882860460E-01
    0.3558231600E-01
   -0.1731695210E+00
    0.1663532010E+00
   -0.3207932710E+00
    0.2858836790E-01
   -0.1401287710E+00
    0.2241249580E+00
   -0.1891299300E-01
    0.3535473500E-01
   -0.3999551200E-02
   -0.6728494000E-01
    0.5300999100E-02
    0.6385248220E-01
   -0.5873407680E-01
    0.6244165400E-01
   -0.1328010780E+00
   -0.2294232100E-01
   -0.4544850300E-01
    0.6941592300E-01
   -0.7803912000E-02
   -0.2689678740E-01
    0.2213792014E+00
    0.3174957920E-01
    0.5970554070E-01
   -0.1074772300E-01
    0.1702111500E-01
    0.5134885050E-01
    0.2307820100E-01
   -0.1597994720E-01
   -0.3742321600E-01
   -0.5454430250E-01
    0.2106892490E+00
    0.8662586680E-01
    0.1089575190E+00
    0.8739906700E-01
    0.1486024222E+00
    0.1934284900E-01
    0.1622443900E-01
   -0.2050515200E-01
    0.5475887700E-01
    0.1791103090E+00
   -0.6461476800E-01
   -0.1106175880E-01
    0.1139330796E+00
   -0.1785648356E+00
   -0.3158236490E+00
   -0.3146078000E-02
   -0.1071415534E+00
    0.3440059700E-01
    0.2197506010E+00
    0.6626729130E-01
   -0.1138834885E+00
   -0.3289532521E+00
   -0.7073841200E-01
   -0.8054305330E-01
   -0.1898684000E-01
    0.7136810800E-01
   -0.2177274412E+00
    0.6339390600E-01
    0.4545986800E-01
   -0.7663628500E-02
   -0.3854009200E-01
   -0.1772079370E+00
   -0.8205102100E-01
   -0.1299856988E+00
   -0.5432277040E-01
    0.5757496240E-01
    0.8700245270E-01
    0.6983627500E-02
   -0.1025788200E-01
   -0.2529488100E-01
   -0.1164672700E+00
   -0.1577930080E+00
   -0.8501459100E-02
   -0.7032351810E-01
   -0.1437608300E+00
    0.2287023300E-01
   -0.1375636488E+00
   -0.5276473800E-01
    0.3982387600E-01
   -0.4636196240E-01
   -0.4016278500E-01
   -0.1092293970E+00
   -0.9417227740E-01
