Model_ID, [(c_i,i=0,n)_j,j=1,ntask]
           1    0.1187515397E+01   -0.4618035380E+00    0.2691671159E+00   -0.1628276676E+00   -0.3155123767E-01
           2    0.1186568697E+01   -0.4618851520E+00    0.2686346460E+00   -0.1625598465E+00   -0.3141682845E-01
           3    0.1260990787E+01   -0.4583605489E+00    0.2868922949E+00   -0.8551113537E-01   -0.1795000895E+00
           4    0.1260672587E+01   -0.4582595387E+00    0.2876407876E+00   -0.8456160163E-01   -0.1785792147E+00
           5    0.1200778348E+01   -0.4569695694E+00    0.2904911486E+00    0.1418312462E-01   -0.1721882562E+00
           6    0.1190805804E+01   -0.4631867408E+00    0.2725438819E+00   -0.1622617880E+00   -0.1042933589E-01
           7    0.1166348720E+01   -0.4564256486E+00    0.2496544359E+00   -0.3019733527E-03   -0.1688037715E+00
           8    0.1198042694E+01   -0.4566821891E+00    0.2905079838E+00    0.1896370511E-02   -0.1678027094E+00
           9    0.1189763099E+01   -0.4632519367E+00    0.2720436814E+00   -0.1618479726E+00   -0.1036211814E-01
          10    0.1199555656E+01   -0.4570866773E+00    0.2898308699E+00    0.1405510769E-01   -0.1716147555E+00
          11    0.1172925602E+01   -0.4563055052E+00    0.2569406854E+00    0.8004139709E-03   -0.1672827192E+00
          12    0.1165453653E+01   -0.4565427469E+00    0.2493297566E+00   -0.2995925506E-03   -0.1683170780E+00
          13    0.1197566555E+01   -0.4608338481E+00    0.2949126755E+00   -0.1662505637E+00    0.5180102538E-02
          14    0.1196869694E+01   -0.4567976788E+00    0.2898674647E+00    0.1880235490E-02   -0.1672704519E+00
          15    0.1171518285E+01   -0.4562563567E+00    0.2546850629E+00   -0.1946071129E-03   -0.1683152394E+00
          16    0.1037722308E+01   -0.4617186467E+00    0.2885744706E+00    0.1887521078E+00   -0.1569426437E+00
          17    0.1172002936E+01   -0.4563321515E+00    0.2553026081E+00   -0.5457348237E-03   -0.1680778788E+00
          18    0.1036886447E+01   -0.4618139690E+00    0.2879563132E+00    0.1888987219E+00   -0.1570491931E+00
          19    0.1172011179E+01   -0.4563831073E+00    0.2553845043E+00   -0.1501699409E-02   -0.1680485300E+00
          20    0.1172025458E+01   -0.4564173757E+00    0.2564846479E+00    0.7959158220E-03   -0.1669588509E+00
          21    0.1171816033E+01   -0.4558330270E+00    0.2556790506E+00   -0.9593290364E-03   -0.1667131254E+00
          22    0.1173203597E+01   -0.4563485644E+00    0.2566380722E+00   -0.3369306741E-03   -0.1675096145E+00
          23    0.1170630174E+01   -0.4563691427E+00    0.2542324467E+00   -0.1935324227E-03   -0.1680058318E+00
          24    0.1171117216E+01   -0.4564437675E+00    0.2548379968E+00   -0.5428628759E-03   -0.1677866312E+00
          25    0.1171126248E+01   -0.4564943770E+00    0.2549184284E+00   -0.1493841798E-02   -0.1677598083E+00
          26    0.1170938187E+01   -0.4559455766E+00    0.2552088536E+00   -0.9545369681E-03   -0.1664392416E+00
          27    0.1163234252E+01   -0.4517881312E+00   -0.3122725526E-03   -0.1515119089E+02   -0.1744049924E+00
          28    0.1172329022E+01   -0.4564579355E+00    0.2561399488E+00   -0.3354285355E-03   -0.1672759715E+00
          29    0.1196247799E+01   -0.4609050264E+00    0.2942323628E+00   -0.1654840004E+00    0.5117514369E-02
          30    0.2902038329E+00    0.8233598236E-02   -0.4117649637E-01   -0.1068906868E-01   -0.1764467489E+00
          31    0.1168123524E+01   -0.4566602286E+00    0.2521335019E+00   -0.1865831428E-02   -0.1684589821E+00
          32    0.1177485097E+01   -0.4585614097E+00    0.2836421564E+00   -0.5957816901E-01   -0.1697459473E+00
          33    0.1162316069E+01   -0.4519149285E+00   -0.3098039049E-03   -0.1512960761E+02   -0.1739238787E+00
          34    0.1169938994E+01   -0.4515279617E+00    0.8255077574E-03   -0.1560577639E+02   -0.1730739246E+00
          35    0.1184224494E+01   -0.4568251626E+00   -0.1631420591E+02   -0.1695833087E+00   -0.3150218899E-01
          36    0.1173257326E+01   -0.4585252345E+00    0.2645980698E+00   -0.1016677034E-02   -0.1691982343E+00
          37    0.1168495818E+01   -0.4515174937E+00   -0.1546380203E+02   -0.2009019625E-03   -0.1740652075E+00
          38    0.1167236500E+01   -0.4567759730E+00    0.2517858995E+00   -0.1851140555E-02   -0.1680117233E+00
          39    0.2896007596E+00    0.8251670250E-02   -0.4103750550E-01   -0.1064884810E-01   -0.1757681191E+00
          40    0.1176567758E+01   -0.4586629194E+00    0.2830229177E+00   -0.1694394687E+00   -0.5923251311E-01
          41    0.1168984367E+01   -0.4515843379E+00   -0.5630746554E-03   -0.1550177949E+02   -0.1738473397E+00
          42    0.1142004508E+01   -0.4592316319E+00    0.3256533300E+00    0.1024500903E+00    0.7884860388E-02
          43    0.1168986330E+01   -0.4516354266E+00   -0.1550620072E+02   -0.1548760054E-02   -0.1738280756E+00
          44    0.1169024427E+01   -0.4516526889E+00    0.8207942899E-03   -0.1557637115E+02   -0.1727609120E+00
          45    0.1183276308E+01   -0.4569213722E+00   -0.1628008897E+02   -0.1693488713E+00   -0.3135989916E-01
          46    0.1168786676E+01   -0.4510616401E+00   -0.1552551759E+02   -0.9901113743E-03   -0.1724426534E+00
          47    0.1257491185E+01   -0.4530876368E+00   -0.1740260747E+02   -0.8523839572E-01   -0.1866845148E+00
          48    0.1176623482E+01   -0.4570341840E+00    0.2613766945E+00   -0.1679885419E+00   -0.1677605806E-03
          49    0.1172367633E+01   -0.4586266672E+00    0.2640918755E+00   -0.1688948374E+00   -0.1010755776E-02
          50    0.1072244829E+01   -0.1039383112E+02    0.5666684194E-01   -0.5721855529E-03    0.7954111039E-01
          51    0.1167593811E+01   -0.4516430420E+00   -0.1543466678E+02   -0.1997765349E-03   -0.1737660854E+00
          52    0.1170194292E+01   -0.4515761110E+00   -0.1558378276E+02   -0.3473168807E-03   -0.1733151545E+00
          53    0.1168085837E+01   -0.4517089935E+00   -0.5600626820E-03   -0.1547193757E+02   -0.1735671258E+00
          54    0.1168088942E+01   -0.4517597773E+00   -0.1547627571E+02   -0.1540517758E-02   -0.1735507381E+00
          55    0.1193117487E+01   -0.4603540388E+00    0.2703251631E+00   -0.8462682780E-03   -0.1688815131E+00
          56    0.1167896788E+01   -0.4511874592E+00   -0.1549536205E+02   -0.9850761257E-03   -0.1721802266E+00
          57    0.1175731212E+01   -0.4571423646E+00    0.2608734009E+00   -0.1677324754E+00   -0.1668993330E-03
          58    0.1187642129E+01   -0.4581766446E+00   -0.1653315684E+02   -0.1689718007E+00   -0.1046482386E-01
          59    0.1192186498E+01   -0.4694081315E+00    0.2781042377E+00   -0.6745263605E-04   -0.1643097375E+00
          60    0.1169309875E+01   -0.4516993177E+00   -0.1555197843E+02   -0.3457334742E-03   -0.1730942494E+00
          61    0.1485789579E+00    0.8707259589E-02   -0.3754957703E-01   -0.5187650880E-03    0.3406714242E+00
          62    0.1257132588E+01   -0.4529669696E+00   -0.1744854258E+02   -0.8424926731E-01   -0.1857467825E+00
          63    0.1164968551E+01   -0.4519781551E+00   -0.1928847216E-02   -0.1530087253E+02   -0.1741287245E+00
          64    0.1186592193E+01   -0.4582547655E+00   -0.1650074425E+02   -0.1685914554E+00   -0.1039386087E-01
          65    0.1191949188E+01   -0.4604369235E+00    0.2698902339E+00   -0.8371639825E-03   -0.1682802520E+00
          66    0.1183066945E+01   -0.4562484982E+00    0.2762694912E+00    0.1336564497E+00   -0.1643292031E+00
          67    0.1191095513E+01   -0.4694123336E+00    0.2775805021E+00   -0.6686790198E-04   -0.1638341644E+00
          68    0.1526970207E+00    0.8472329996E-02   -0.3925504668E-01   -0.1193943784E-01    0.3294554817E+00
          69    0.1164060876E+01   -0.4521042020E+00   -0.1913586082E-02   -0.1527794565E+02   -0.1736889365E+00
          70    0.1206207148E+01   -0.4603151314E+00    0.2927225272E+00    0.9508874107E-02   -0.1757655167E+00
          71    0.1069215043E+01   -0.4655418732E+00    0.2771004796E+00    0.2930186938E+00   -0.1294777982E-01
          72    0.1067201717E+01   -0.4616907470E+00    0.2698925826E+00   -0.3777205677E-01    0.1170194879E-02
          73    0.1182115015E+01   -0.4563621271E+00    0.2757285921E+00    0.1327671115E+00   -0.1639900646E+00
          74    0.1194394564E+01   -0.4617699787E+00    0.2732909111E+00   -0.3506449212E-01   -0.1659889700E+00
          75    0.1065182418E+01   -0.4636954896E+00    0.2736031748E+00    0.2894886178E+00   -0.3819905593E-01
          76    0.1071520094E+01   -0.4634089555E+00    0.2736723547E+00   -0.1263611264E-01    0.1170800290E-02
          77    0.1173594409E+01   -0.4521914242E+00   -0.1587219714E+02   -0.1740125684E+00   -0.1722545449E-03
          78    0.1069038536E+01   -0.4622672756E+00    0.2726413806E+00    0.5437605030E+02   -0.3773292649E-01
          79    0.1204662884E+01   -0.4603959961E+00    0.2919934076E+00    0.9347796806E-02   -0.1748244808E+00
          80    0.1193281591E+01   -0.4618404484E+00    0.2728080582E+00   -0.3473826618E-01   -0.1655109532E+00
          81    0.1170078216E+01   -0.4536527125E+00   -0.1606073090E+02   -0.1034158504E-02   -0.1755042620E+00
          82    0.1172692522E+01   -0.4523136641E+00   -0.1583997055E+02   -0.1737719103E+00   -0.1713482538E-03
          83    0.1231578839E+01   -0.4593158039E+00    0.2820871053E+00   -0.1798065535E+00   -0.1712995367E+01
          84    0.1142299269E+01   -0.4573705833E+00    0.2923895373E+00   -0.1036307161E+00    0.1320773863E-02
          85   -0.2211594187E+01   -0.4593175983E+00    0.2821149207E+00   -0.1798366476E+00    0.3443268701E+01
          86    0.1614100289E+00    0.8451963981E-02   -0.3898450205E-01   -0.1198029276E-01    0.6122328664E+02
          87    0.1067958650E+01   -0.4618661438E+00    0.2709584786E+00    0.3071929356E+02   -0.3771171948E-01
          88    0.1178055958E+01   -0.4561757676E+00   -0.1167366895E-04    0.2521178566E+00   -0.1685427439E+00
          89    0.1232194026E+01   -0.4592085028E+00    0.2828175376E+00   -0.1795120699E+00   -0.1707115408E+01
          90    0.1621036786E+00    0.8427545758E-02   -0.3911771134E-01   -0.1197553603E-01    0.3468872476E+02
          91   -0.2199182897E+01   -0.4592102765E+00    0.2828453156E+00   -0.1795425662E+00    0.3431472926E+01
          92    0.1035687446E+01   -0.4551640894E+00    0.2457186936E+00   -0.3690286090E-03    0.1231352292E-02
          93    0.1169182750E+01   -0.4537682562E+00   -0.1602824134E+02   -0.1752214866E+00   -0.1027944024E-02
          94    0.1073373385E+01   -0.4639775742E+00    0.2764426475E+00   -0.1261101458E-01    0.5436019834E+02
          95    0.1495958238E+00    0.8844145177E-02   -0.3574050389E-01   -0.5572529704E-03    0.1523632495E+01
          96    0.1495113064E+00    0.8821913412E-02   -0.3595161423E-01   -0.5551216172E-03    0.1533548276E+01
          97    0.1068359725E+01   -0.4615852784E+00    0.2707654088E+00    0.1789004502E-04   -0.3768122797E-01
          98    0.1194197849E+01   -0.4611666645E+00    0.2745964760E+00   -0.2246306836E+00   -0.1645717762E+00
          99    0.1198631696E+01   -0.4603092769E+00    0.2720349193E+00   -0.1858061146E+00   -0.9429066049E-02
         100    0.1140129424E+01   -0.1107528085E+00   -0.2186895661E+02    0.1061856162E+00    0.8255152338E-02
