Model_ID, [(c_i,i=0,n)_j,j=1,ntask]
           1    0.2653135861E+00    0.1233851474E-01
           2    0.1591781171E+00    0.2200684617E-01
           3    0.3422834222E+00   -0.2239604519E+00
           4    0.2880010680E+00   -0.1005549947E+00
           5    0.2253907398E+00    0.8925800016E-01
           6    0.8324093001E+00   -0.4319184435E+00
           7   -0.8304821536E-01   -0.8376899317E+00
           8    0.2569689384E+00    0.7845711447E-01
           9    0.2730470635E+00    0.4945250658E-01
          10    0.3427976701E+00    0.8341507637E-01
          11    0.6378930573E+00    0.6420275375E-02
          12    0.3264716272E+00   -0.4929561416E-01
          13    0.1760611539E+00   -0.2767444790E-01
          14   -0.7328479914E-01   -0.4492027157E+00
          15    0.5960818628E+00    0.1117021259E-01
          16    0.2423100904E+00    0.5978149037E-01
          17    0.6262339597E+00    0.2501413071E-01
          18   -0.5829995220E+00   -0.4560624041E+00
          19   -0.9757545597E-01   -0.3055286279E+00
          20    0.4392299076E+00    0.9290256812E-02
          21   -0.2131053787E+00   -0.3166737195E+00
          22    0.2512053697E+00    0.1956031062E+00
          23    0.8131245572E+00   -0.1045106140E+00
          24    0.2990676541E+00    0.9303626067E-01
          25    0.1317537122E+01   -0.3128331110E+00
          26    0.5666255429E+00    0.1914811876E+00
          27   -0.1017538549E+00   -0.2971328207E+00
          28    0.3420023492E+00    0.4464312718E-01
          29    0.3121278081E+01   -0.3537561529E+01
          30   -0.5065241450E-01   -0.5516034574E+00
          31    0.6860901226E+00    0.4067599025E-01
          32    0.3447316973E+01   -0.3402178931E+01
          33    0.8291107419E+00   -0.5994137423E-01
          34    0.2723957400E+01   -0.2408119758E+02
          35    0.1217407987E+01   -0.5638048007E-01
          36    0.8171105138E+00   -0.2282597733E-04
          37    0.6628243215E+00    0.4405038561E-01
          38    0.6490375644E+00    0.1816369559E-01
          39    0.6430082163E+00    0.2700621803E-01
          40    0.3047197967E+00    0.6867568234E-01
          41    0.3048847176E+00    0.6844455549E-01
          42    0.2863607407E+00    0.9796619411E-01
          43    0.6385736173E+00    0.3572994693E-01
          44    0.1310434029E+01   -0.2524911060E+01
          45    0.1276738697E+00    0.2696214889E+00
          46   -0.1205176364E+00   -0.8803323269E+00
          47   -0.1383009655E+00   -0.5850872165E+00
          48    0.1328677077E+01   -0.8755232871E+00
          49    0.2594079921E+01   -0.1769835234E+01
          50    0.1349077577E+01   -0.3443674728E+00
          51    0.6374458305E+00    0.7078204166E-01
          52    0.2916673841E+01   -0.5957562708E+01
          53    0.6471312189E+00    0.1801266568E-01
          54    0.5209258481E+00    0.1837026475E+01
          55    0.2972827404E+01   -0.1759357931E+01
          56    0.3686414148E+00   -0.5525423902E-01
          57    0.4039521288E+00    0.2326095354E+00
          58    0.6656009647E+00    0.1720385700E+00
          59    0.3009530194E+01   -0.3122981320E+01
          60    0.3236175388E+00    0.4858488689E-01
          61    0.2707288294E+00    0.1397239563E+00
          62    0.6280128436E+00    0.2371545381E-01
          63    0.2708638370E+00    0.1392588195E+00
          64    0.4965475523E+00    0.4760081195E-01
          65    0.2489722512E+00    0.1053409624E+00
          66    0.6578982088E+00    0.4737151774E-01
          67   -0.1537237470E+01    0.4263233547E+01
          68    0.2455052591E+01   -0.2640203979E+02
          69    0.3480053840E+00    0.3344207014E-01
          70    0.4925285821E+00   -0.5198153783E-03
          71    0.6948184724E-01   -0.1131242771E+00
          72    0.2993287473E+01   -0.3084514868E+01
          73    0.3011349048E+01   -0.1550907143E+01
          74   -0.9852241191E-01   -0.8454830612E+00
          75    0.3485494529E+00    0.3310290314E-01
          76    0.2993399345E+01   -0.3078798974E+01
          77    0.3013358244E+01   -0.2236799054E+01
          78    0.3010700251E+01   -0.2225929255E+01
          79    0.2346406983E+01   -0.1431188931E+02
          80    0.3900691424E+00   -0.4721169472E+00
          81    0.8112047589E+00   -0.4897544417E+00
          82    0.8121132666E+00   -0.5742975311E+00
          83    0.2382529376E+00   -0.6831527617E-02
          84    0.1168132463E+01   -0.3213894621E-01
          85    0.2305772123E+01   -0.9602135674E+02
          86    0.2563328163E+01   -0.1902665425E+01
          87    0.6960396782E+00    0.1151171535E+00
          88    0.2779903015E+01   -0.2162685977E+01
          89    0.7275214150E+00   -0.1785828692E+00
          90    0.2263262744E+00    0.2149294640E+00
          91   -0.1151630412E+00    0.4295699159E+00
          92    0.8899743180E+00   -0.2314788093E-01
          93    0.2698467623E+01   -0.1485707788E+02
          94    0.1056267909E+01   -0.3281791390E+00
          95    0.2561237315E+01   -0.1020419963E+01
          96    0.2718776568E+01   -0.2318926098E+01
          97    0.8375910335E+00   -0.4860707140E+00
          98    0.2322678915E+01   -0.6297960171E+02
          99    0.8637245303E+00   -0.4883301255E-01
         100    0.6642770736E+00    0.1760894165E-02
