        Rank        RMSE       MaxAE  Feature_ID
           1    0.127219    0.375019  (      17    1284)
           2    0.129165    0.383867  (      17    1338)
           3    0.129464    0.362487  (     103    1284)
           4    0.129522    0.364198  (     103    1338)
           5    0.132815    0.386510  (      17    1260)
           6    0.133213    0.406974  (       1    1006)
           7    0.133322    0.391721  (       1    1090)
           8    0.134186    0.416300  (       1    1301)
           9    0.134415    0.415566  (       1    1286)
          10    0.134518    0.408418  (       1    1056)
          11    0.134560    0.434396  (       1    1013)
          12    0.134564    0.404502  (       1    1484)
          13    0.134588    0.384200  (       1    1018)
          14    0.134597    0.404259  (       1    1198)
          15    0.134622    0.393345  (      17    1405)
          16    0.134692    0.403265  (       1    1019)
          17    0.134748    0.408795  (       1    1034)
          18    0.134782    0.410408  (       1    1064)
          19    0.134795    0.462142  (     547       5)
          20    0.134836    0.407302  (       1    1043)
          21    0.134865    0.394455  (      17    1398)
          22    0.135177    0.366382  (       1    1337)
          23    0.135202    0.404609  (       1    1077)
          24    0.135301    0.487703  (     367     711)
          25    0.135509    0.418771  (       1    1084)
          26    0.135538    0.435957  (       1    1319)
          27    0.135745    0.337503  (      81    1956)
          28    0.135848    0.391724  (       1    1092)
          29    0.135852    0.400711  (       1    1329)
          30    0.136119    0.409302  (       1    1081)
          31    0.136142    0.409911  (      17    1956)
          32    0.136488    0.416900  (       1    1242)
          33    0.136648    0.449784  (       1    1285)
          34    0.136649    0.448158  (       1    1295)
          35    0.136708    0.438395  (       1    1274)
          36    0.136731    0.402151  (       1    1131)
          37    0.136732    0.408309  (       1    1124)
          38    0.136746    0.402693  (       1    1128)
          39    0.136750    0.420804  (       1    1371)
          40    0.136780    0.371251  (      17    1295)
          41    0.136787    0.394640  (       1    1129)
          42    0.136794    0.360554  (      32    1284)
          43    0.136890    0.424263  (       1    1376)
          44    0.136891    0.424191  (       1    1378)
          45    0.136892    0.445869  (       1    1322)
          46    0.136986    0.401142  (       1    1148)
          47    0.137028    0.414535  (       1    1245)
          48    0.137031    0.373421  (      17    1285)
          49    0.137061    0.410838  (       1    1237)
          50    0.137082    0.432686  (       1    1359)
          51    0.137120    0.399419  (       1    1156)
          52    0.137132    0.418332  (       1    1190)
          53    0.137134    0.402253  (       1    1160)
          54    0.137176    0.408553  (       1    1244)
          55    0.137199    0.428825  (       1    1315)
          56    0.137258    0.374332  (     103    1956)
          57    0.137275    0.400053  (       1    1174)
          58    0.137293    0.399612  (       1    1178)
          59    0.137305    0.422800  (       1    1211)
          60    0.137319    0.461896  (       1    1317)
          61    0.137324    0.400455  (       1    1182)
          62    0.137330    0.397434  (       1    1181)
          63    0.137332    0.398146  (       1    1183)
          64    0.137334    0.455094  (       1    1284)
          65    0.137361    0.462201  (       1    1287)
          66    0.137381    0.392177  (       1    1186)
          67    0.137437    0.434882  (       1    1443)
          68    0.137553    0.399261  (      17    1018)
          69    0.137567    0.437114  (       1    1355)
          70    0.137603    0.404206  (       1    1248)
          71    0.137711    0.388568  (       1    1296)
          72    0.137743    0.399051  (       1    1372)
          73    0.137792    0.354040  (      81    1338)
          74    0.137808    0.372269  (     103    1260)
          75    0.137820    0.404683  (       1    1471)
          76    0.137836    0.494174  (     541     384)
          77    0.137856    0.461922  (       1    1266)
          78    0.137935    0.433776  (      31     776)
          79    0.137964    0.402014  (       1    1259)
          80    0.137966    0.395246  (       1    1253)
          81    0.137971    0.391313  (       1    1254)
          82    0.137975    0.457816  (       1    1374)
          83    0.137981    0.404858  (       1    1273)
          84    0.138006    0.465078  (       1    1260)
          85    0.138022    0.402035  (       1    1267)
          86    0.138074    0.417727  (       1    1346)
          87    0.138153    0.457429  (       1    1338)
          88    0.138166    0.470275  (       1    1450)
          89    0.138179    0.523904  (       1    1307)
          90    0.138255    0.510713  (       1    1445)
          91    0.138298    0.403780  (       1    1299)
          92    0.138368    0.457160  (       1    1303)
          93    0.138392    0.407494  (       1    1310)
          94    0.138393    0.370500  (      17    1468)
          95    0.138410    0.433932  (     792    1284)
          96    0.138418    0.410488  (       1    1408)
          97    0.138426    0.456895  (       1    1472)
          98    0.138447    0.404557  (       1    1330)
          99    0.138460    0.493705  (     222       6)
         100    0.138565    0.478964  (       1    1451)
