        Rank        RMSE       MaxAE  Feature_ID
           1    0.156660    0.600933  (       1)
           2    0.160557    0.544875  (       4)
           3    0.161703    0.489049  (       5)
           4    0.163022    0.544498  (       6)
           5    0.166627    0.621174  (      12)
           6    0.169370    0.677420  (      17)
           7    0.169621    0.584962  (      19)
           8    0.169712    0.528906  (      20)
           9    0.170378    0.552770  (      23)
          10    0.171819    0.583102  (      31)
          11    0.171900    0.621534  (      32)
          12    0.172233    0.593953  (      35)
          13    0.172850    0.577802  (      41)
          14    0.173397    0.602913  (      45)
          15    0.173427    0.595273  (      47)
          16    0.173745    0.534953  (      52)
          17    0.174950    0.589954  (      60)
          18    0.175317    0.621911  (      61)
          19    0.175913    0.615326  (      71)
          20    0.176345    0.531711  (      78)
          21    0.176505    0.615703  (      79)
          22    0.176802    0.617507  (      81)
          23    0.177808    0.676191  (     103)
          24    0.178657    0.554071  (     118)
          25    0.178687    0.641096  (     119)
          26    0.178926    0.588771  (     120)
          27    0.179350    0.624618  (     130)
          28    0.179996    0.532002  (     149)
          29    0.180594    0.661136  (     161)
          30    0.181082    0.576412  (     175)
          31    0.181218    0.626312  (     180)
          32    0.181699    0.667213  (     189)
          33    0.181985    0.704042  (     204)
          34    0.182182    0.590170  (     209)
          35    0.182549    0.687198  (     221)
          36    0.182558    0.585171  (     222)
          37    0.183192    0.617770  (     238)
          38    0.183210    0.655594  (     241)
          39    0.183612    0.621014  (     252)
          40    0.183932    0.569969  (     263)
          41    0.184108    0.571552  (     270)
          42    0.184686    0.538048  (     303)
          43    0.184764    0.590803  (     309)
          44    0.184774    0.583583  (     311)
          45    0.184812    0.644246  (     313)
          46    0.185346    0.626982  (     332)
          47    0.185699    0.712852  (     351)
          48    0.185772    0.646768  (     355)
          49    0.185855    0.635290  (     359)
          50    0.185856    0.610416  (     361)
          51    0.185908    0.622767  (     366)
          52    0.185921    0.669121  (     367)
          53    0.186214    0.607288  (     383)
          54    0.186239    0.645572  (     384)
          55    0.186426    0.689198  (     392)
          56    0.186516    0.523882  (     395)
          57    0.186809    0.717379  (     403)
          58    0.187115    0.689222  (     425)
          59    0.187495    0.669199  (     449)
          60    0.187496    0.523766  (     450)
          61    0.187853    0.565464  (     467)
          62    0.187996    0.594731  (     476)
          63    0.188003    0.566695  (     477)
          64    0.188374    0.695220  (     501)
          65    0.188433    0.587009  (     505)
          66    0.188436    0.605603  (     506)
          67    0.188507    0.665062  (     513)
          68    0.188782    0.601277  (     530)
          69    0.189047    0.617365  (     540)
          70    0.189068    0.655328  (     541)
          71    0.189145    0.547207  (     547)
          72    0.189234    0.671289  (     554)
          73    0.189413    0.703974  (     571)
          74    0.189497    0.630210  (     576)
          75    0.189598    0.621969  (     584)
          76    0.189746    0.672908  (     594)
          77    0.189875    0.691179  (     599)
          78    0.190339    0.691658  (     631)
          79    0.190389    0.641455  (     635)
          80    0.190940    0.609856  (     673)
          81    0.190990    0.699357  (     678)
          82    0.191061    0.673797  (     687)
          83    0.191079    0.657538  (     689)
          84    0.191321    0.669893  (     711)
          85    0.191452    0.642027  (     720)
          86    0.191664    0.632919  (     738)
          87    0.191700    0.656275  (     741)
          88    0.191988    0.700317  (     776)
          89    0.192147    0.695100  (     792)
          90    0.192309    0.542766  (     810)
          91    0.192351    0.538177  (     814)
          92    0.192358    0.639793  (     815)
          93    0.192431    0.609362  (     820)
          94    0.192480    0.732194  (     827)
          95    0.192785    0.624760  (     857)
          96    0.193070    0.618519  (     889)
          97    0.193180    0.668584  (     906)
          98    0.193268    0.689607  (     915)
          99    0.193349    0.656187  (     926)
         100    0.193458    0.681527  (     939)
