        Rank        RMSE       MaxAE  Feature_ID
           1    0.104211    0.323612  (      17    1284    2003    2056)
           2    0.104303    0.323653  (      17    1284    2004    2056)
           3    0.104308    0.330055  (      17    1284    2325    2004)
           4    0.104456    0.329708  (      17    1284    2325    2003)
           5    0.104487    0.326942  (      17    1284    2186    2003)
           6    0.104508    0.324683  (      17    1284    2003    2071)
           7    0.104616    0.319238  (      17    1284    1081    2003)
           8    0.104627    0.326096  (      17    1284    2144    2003)
           9    0.104633    0.324684  (      17    1284    2004    2071)
          10    0.104645    0.326894  (      17    1284    2186    2004)
          11    0.104709    0.319825  (      17    1284    1385    2003)
          12    0.104757    0.319267  (      17    1284    1081    2004)
          13    0.104776    0.329194  (      17    1284    2003    2125)
          14    0.104778    0.326060  (      17    1284    2144    2004)
          15    0.104788    0.320373  (      17    1284    1310    2003)
          16    0.104795    0.341580  (      17    1284    2040    2003)
          17    0.104801    0.320078  (      17    1284    1347    2003)
          18    0.104802    0.341708  (      17    1284    2040    2004)
          19    0.104809    0.319944  (      17    1284    1362    2003)
          20    0.104815    0.319873  (      17    1284    1385    2004)
          21    0.104835    0.321301  (      17    1284    1299    2003)
          22    0.104866    0.319895  (      17    1284    1464    2003)
          23    0.104891    0.320421  (      17    1284    1310    2004)
          24    0.104899    0.320130  (      17    1284    1347    2004)
          25    0.104907    0.319997  (      17    1284    1362    2004)
          26    0.104930    0.321349  (      17    1284    1299    2004)
          27    0.104937    0.319694  (      17    1081    1338    2003)
          28    0.104952    0.319956  (      17    1284    1464    2004)
          29    0.104980    0.329058  (      17    1284    2004    2125)
          30    0.105014    0.351839  (       1     547    1128    2003)
          31    0.105037    0.318236  (      17    1284    1124    2003)
          32    0.105070    0.328514  (      17    1284    2181    2003)
          33    0.105081    0.319726  (      17    1081    1338    2004)
          34    0.105095    0.320296  (      17    1385    1338    2003)
          35    0.105114    0.323912  (      17    1338    2003    2056)
          36    0.105149    0.314100  (      17    1284    2197    2003)
          37    0.105160    0.320864  (      17    1338    1310    2003)
          38    0.105170    0.318276  (      17    1284    1124    2004)
          39    0.105170    0.351825  (       1     547    1128    2004)
          40    0.105172    0.328514  (      17    1284    2004    2181)
          41    0.105184    0.320557  (      17    1347    1338    2003)
          42    0.105189    0.313945  (      17    1284    2203    2125)
          43    0.105200    0.320416  (      17    1338    1362    2003)
          44    0.105202    0.320347  (      17    1385    1338    2004)
          45    0.105203    0.323957  (      17    1338    2004    2056)
          46    0.105216    0.321822  (      17    1338    1299    2003)
          47    0.105224    0.330344  (      17    1338    2325    2004)
          48    0.105230    0.319029  (      17    1284    2003    2193)
          49    0.105251    0.314184  (      17    1284    2004    2197)
          50    0.105256    0.352804  (     530      31    1081    2758)
          51    0.105264    0.320915  (      17    1338    1310    2004)
          52    0.105271    0.320365  (      17    1338    1464    2003)
          53    0.105283    0.320612  (      17    1347    1338    2004)
          54    0.105298    0.320472  (      17    1338    1362    2004)
          55    0.105302    0.324754  (      17    1284    2190    2003)
          56    0.105312    0.321872  (      17    1338    1299    2004)
          57    0.105322    0.319090  (      17    1284    2004    2193)
          58    0.105332    0.325036  (      17    1338    2003    2071)
          59    0.105350    0.322274  (      17    1284    2192    2003)
          60    0.105357    0.320429  (      17    1338    1464    2004)
          61    0.105368    0.354369  (       1     547    1081    2035)
          62    0.105383    0.329984  (      17    1338    2325    2003)
          63    0.105399    0.318661  (      17    1124    1338    2003)
          64    0.105456    0.325039  (      17    1338    2004    2071)
          65    0.105470    0.324700  (      17    1284    2190    2004)
          66    0.105487    0.329013  (      17    1284    2146    2003)
          67    0.105492    0.322269  (      17    1284    2192    2004)
          68    0.105507    0.321383  (       1     547    1128    2035)
          69    0.105535    0.318704  (      17    1124    1338    2004)
          70    0.105538    0.329572  (      17    1284    2411    2003)
          71    0.105564    0.305940  (      17    1284    2035    2071)
          72    0.105566    0.315695  (      17    1284    2056    2011)
          73    0.105598    0.328594  (      17    1284    2146    2004)
          74    0.105633    0.324347  (      17    1284    2175    2003)
          75    0.105706    0.323655  (      17    1284    2035    2056)
          76    0.105714    0.304670  (      17    1284    2071    2011)
          77    0.105724    0.319460  (      17    1338    2003    2193)
          78    0.105739    0.315871  (      17    1284    2012    2056)
          79    0.105772    0.329356  (      17    1284    2411    2004)
          80    0.105776    0.324317  (      17    1284    2175    2004)
          81    0.105780    0.314405  (      17    1338    2197    2003)
          82    0.105815    0.319524  (      17    1338    2004    2193)
          83    0.105847    0.351762  (      17    1284    2004    2688)
          84    0.105847    0.308155  (      17    1284    2325    2011)
          85    0.105850    0.351803  (      17    1284    2004    2692)
          86    0.105853    0.326488  (       1     547    1128    2012)
          87    0.105855    0.315977  (      17    1284    2013    2056)
          88    0.105864    0.324215  (      17    1454    1284    2003)
          89    0.105869    0.352831  (      17    1284    2003    2688)
          90    0.105869    0.326889  (       1     547    1128    2013)
          91    0.105871    0.352872  (      17    1284    2003    2692)
          92    0.105873    0.296998  (      17    1284    1081    2011)
          93    0.105880    0.314494  (      17    1338    2004    2197)
          94    0.105907    0.304220  (      17    1284    2071    2012)
          95    0.105911    0.363019  (       1     547    1081    2173)
          96    0.105916    0.361805  (       1     547    1081    2167)
          97    0.105917    0.314853  (      17    1284    2015    2056)
          98    0.105923    0.323943  (      17    1284    2170    2003)
          99    0.105928    0.320625  (      17    1284    2003    3043)
         100    0.105933    0.307282  (     103    1338    2203    2125)
