Model_ID, [(c_i,i=0,n)_j,j=1,ntask]
           1    0.1201232694E+01   -0.4602505008E+00    0.2825602622E+00   -0.1818951785E+00
           2    0.1200382644E+01   -0.4603586638E+00    0.2818443370E+00   -0.1819905541E+00
           3    0.1198015420E+01   -0.4550472869E+00   -0.1714497883E+02   -0.1889181724E+00
           4    0.1197166900E+01   -0.4551744786E+00   -0.1709992395E+02   -0.1890362908E+00
           5    0.1070284083E+01   -0.4594307952E+00    0.2883272360E+00    0.1187866791E-02
           6    0.1072116319E+01   -0.4600220476E+00    0.2910843288E+00    0.5525777640E+02
           7    0.1070999584E+01   -0.4596175558E+00    0.2893544973E+00    0.3123729471E+02
           8    0.1071383487E+01   -0.4593358786E+00    0.2891316003E+00    0.1820598569E-04
           9    0.1070918587E+01   -0.4594510088E+00    0.2888788337E+00    0.1747791986E-02
          10    0.1068563199E+01   -0.4613941370E+00    0.2924156900E+00    0.2910298533E+00
          11    0.1124225284E+01   -0.4679597453E+00    0.3251116198E+00   -0.7945261824E-01
          12    0.9053255464E+00   -0.4592566411E+00    0.3075479951E+00    0.2437719597E+00
          13    0.1119827199E+01   -0.4628476368E+00   -0.2001987237E+02   -0.8621182935E-01
          14    0.1060920616E+01   -0.4540133107E+00   -0.1744241318E+02    0.1233760671E-02
          15    0.1062863658E+01   -0.4545968507E+00   -0.1762785286E+02    0.5754897445E+02
          16    0.1318212507E+01   -0.4430827659E+00   -0.4546845138E+00   -0.1852825546E+00
          17    0.1318607698E+01   -0.4429036752E+00   -0.4554445863E+00   -0.1845290417E+00
          18    0.1061645967E+01   -0.4541940905E+00   -0.1750932498E+02    0.3248263593E+02
          19    0.1094694547E+01   -0.4590779720E+00    0.2845064199E+00   -0.3842360232E-01
          20    0.1059216410E+01   -0.4560313633E+00   -0.1772369984E+02    0.3041414828E+00
          21    0.1062033682E+01   -0.4539035400E+00   -0.1749381612E+02    0.1892898089E-04
          22    0.1061540254E+01   -0.4540266354E+00   -0.1747655130E+02    0.1817078411E-02
          23    0.1099101620E+01   -0.4608230030E+00    0.2883645075E+00   -0.1284961230E-01
          24    0.1083264277E+01   -0.1090326426E+00   -0.1969561122E+02    0.1975237593E+00
          25    0.1089053018E+01   -0.1103902733E+00    0.3207304060E+00    0.1957708663E+00
          26    0.1107687664E+01   -0.1105848868E+00    0.3416177686E+00    0.2606798133E-02
          27    0.1065071704E+01   -0.4601541084E+00    0.2856664984E+00    0.2215454375E-01
          28    0.4900296479E+00    0.1973560799E+00   -0.1058783441E+01    0.2424899202E+00
          29    0.1107888137E+01   -0.1106913206E+00    0.3421958120E+00    0.1910707356E-01
          30    0.1527710571E+01   -0.4553068735E+00    0.2919695484E+00   -0.4777477605E+00
          31    0.4080516258E+00    0.8410894956E-01   -0.1684672912E+00    0.5439886495E+00
          32   -0.1853087973E+01   -0.4395742337E+00    0.2910375993E+01   -0.1903810596E+00
          33    0.9826877814E+00   -0.1135800104E+00    0.3211196542E+00    0.1401681754E+00
          34    0.1141766809E+01   -0.4579902995E+00    0.3298612561E+00   -0.7692930860E-01
          35   -0.1857182413E+01   -0.4393788939E+00    0.2914286348E+01   -0.1894577528E+00
          36    0.1104475598E+01   -0.4577996158E+00    0.3161372134E+00    0.6209167982E-02
          37    0.1055099176E+01   -0.4393955771E+00   -0.1404137964E+01   -0.1904449155E+00
          38    0.1099380480E+01   -0.4685048025E+00    0.2954609391E+00   -0.8357024300E-04
          39    0.1074504795E+01   -0.4523963718E+00    0.2711262190E+00    0.9488070332E-03
          40    0.1073368214E+01   -0.4518090139E+00    0.2692731149E+00   -0.1146563128E-02
          41    0.1103891749E+01   -0.4528569835E+00    0.3109377699E+00    0.2232993776E-02
          42    0.1096833873E+01   -0.4577335589E+00    0.3216677784E+00    0.2363038641E+00
          43    0.1062059953E+01   -0.4600461345E+00    0.2899273190E+00    0.1215279423E+00
          44    0.1054919611E+01   -0.4392001975E+00   -0.1406060676E+01   -0.1895290280E+00
          45    0.1074152425E+01   -0.4569698914E+00    0.2898911020E+00    0.6807019856E+00
          46    0.1088027990E+01   -0.4521823398E+00    0.2931499218E+00    0.1662467358E+00
          47    0.1098987477E+01   -0.1091385050E+00   -0.2078991359E+02    0.2509583422E-02
          48    0.1074650511E+01   -0.4524364707E+00    0.2707546970E+00   -0.3999306089E-03
          49    0.9773645376E+00   -0.1121749406E+00   -0.1964106587E+02    0.1381808521E+00
          50    0.1066221218E+01   -0.4525733315E+00    0.2633647498E+00   -0.3520945331E-03
          51    0.1171334798E+01   -0.4428663344E+00   -0.8855357220E+00   -0.1963423061E+00
          52    0.1073019770E+01   -0.4524340370E+00    0.2694847059E+00   -0.6432829594E-03
          53    0.1073037306E+01   -0.4524927880E+00    0.2695614304E+00   -0.1770949075E-02
          54    0.1072357204E+01   -0.4523506635E+00    0.2688786693E+00   -0.2287994365E-03
          55    0.1077517651E+01   -0.4582413419E+00    0.3012776368E+00    0.2889843979E+00
          56    0.1055468221E+01   -0.4548919204E+00   -0.1728335462E+02    0.2330864155E-01
          57    0.1106034345E+01   -0.4632121462E+00    0.2969382210E+00   -0.4166862048E-01
          58    0.1069914978E+01   -0.4595854329E+00    0.2954637866E+00    0.2736246508E+00
          59    0.1171093907E+01   -0.4426622945E+00   -0.8863322206E+00   -0.1952366915E+00
          60    0.1067764080E+01   -0.4595427380E+00    0.2932921787E+00    0.1154678691E+01
          61    0.1092268263E+01   -0.4546218108E+00    0.3106918618E+00   -0.2072307181E-01
          62    0.1068149950E+01   -0.4528065123E+00    0.2657473497E+00   -0.2202462426E-02
          63    0.9976005271E+00   -0.4633095456E+00    0.2928022290E+00    0.1190596219E+00
          64    0.1101743705E+01   -0.4583126309E+00    0.2909546154E+00   -0.2827667021E+00
          65    0.1075306939E+01   -0.4621093581E+00    0.2838682753E+00   -0.6530609702E-01
          66    0.1100917624E+01   -0.4589839363E+00    0.2898427538E+00   -0.4310850274E-01
          67    0.1068245455E+01   -0.4595346689E+00    0.2938855016E+00    0.1136179533E+01
          68    0.1098967011E+01   -0.1092396201E+00   -0.2080877779E+02    0.1830039829E-01
          69    0.1078312537E+01   -0.4532260187E+00    0.2763420171E+00   -0.1998853111E-03
          70    0.4273699427E+00    0.1248214758E-01    0.2029556306E+00   -0.2096665014E+00
          71    0.8970580124E+00   -0.4530935185E+00   -0.1842839774E+02    0.2393236762E+00
          72    0.1084370386E+01   -0.4534898442E+00   -0.1708431587E+02   -0.3880442675E-01
          73    0.1081432291E+01   -0.4603967900E+00    0.2986634163E+00    0.5631597685E+01
          74    0.4278315161E+00    0.1247692122E-01    0.2034766806E+00   -0.2094166333E+00
          75    0.1106039347E+01   -0.4657130290E+00    0.3013208531E+00   -0.2328499438E-01
          76    0.1089038237E+01   -0.4552184353E+00   -0.1734012752E+02   -0.1302711912E-01
          77    0.1103919830E+01   -0.4532610926E+00    0.3111477133E+00    0.1594230275E-01
          78    0.1073840829E+01   -0.4550000423E+00    0.2806778445E+00   -0.1193996991E-02
          79    0.1107930061E+01   -0.1118960896E+00    0.3466771597E+00    0.6726139151E-02
          80    0.1064201187E+01   -0.4603042845E+00    0.2851042311E+00    0.2548000294E-02
          81    0.1064080635E+01   -0.4603186622E+00    0.2850428214E+00    0.7184520524E-02
          82    0.1062944984E+01   -0.4605723927E+00    0.2853475601E+00    0.6680944254E+01
          83    0.1078590055E+01   -0.4550428892E+00    0.3031202206E+00   -0.6944568361E-01
          84    0.1097369359E+01   -0.4571578654E+00    0.2872498429E+00   -0.1000717830E-02
          85    0.1091276034E+01   -0.4539963855E+00    0.2823531968E+00   -0.8184974364E-05
          86    0.1198705560E+01   -0.4559874596E+00    0.3115206866E+00   -0.1284911857E+00
          87    0.1108151688E+01   -0.4600877483E+00    0.2970975010E+00   -0.1921547506E-03
          88    0.1536093467E+01   -0.4496291725E+00   -0.1764493407E+02   -0.4968110930E+00
          89    0.1091277198E+01   -0.4546668532E+00    0.3098526478E+00    0.4409634275E-02
          90    0.9118227651E+00   -0.1121374564E+00    0.3367144719E+00    0.2393478666E+00
          91    0.1135486648E+01   -0.4517638322E+00   -0.2014443094E+02   -0.8120988195E-01
          92    0.1097042247E+01   -0.4550483688E+00    0.3181632505E+00    0.8051536935E+01
          93    0.3762243496E+00    0.8567957087E-01    0.5622619064E+00   -0.8291610667E-01
          94    0.1125767906E+01   -0.4576175289E+00    0.3081722047E+00    0.7863018329E-01
          95    0.1091337146E+01   -0.4581913275E+00    0.3199809401E+00    0.4953264663E+00
          96    0.1091503725E+01   -0.4536944946E+00   -0.1378104107E-02    0.2709581486E+00
          97    0.1073407221E+01   -0.4564253681E+00    0.2946193437E+00    0.5386713850E-02
          98    0.1064685715E+01   -0.4514399869E+00   -0.1753742643E+02    0.7158101587E+00
          99    0.1079442245E+01   -0.4521408019E+00   -0.1406099070E-04    0.2649700167E+00
         100    0.1051928909E+01   -0.4546551942E+00   -0.1753241257E+02    0.1274821037E+00
