        Rank        RMSE       MaxAE  Feature_ID
           1    0.111509    0.328953  (      17    1284    2003)
           2    0.111527    0.328378  (      17    1284    2004)
           3    0.112329    0.344458  (      17    1338    2003)
           4    0.112341    0.343807  (      17    1338    2004)
           5    0.116014    0.365599  (      17    1284    2011)
           6    0.116150    0.362773  (      17    1284    2012)
           7    0.116244    0.363845  (      17    1284    2013)
           8    0.116285    0.365000  (      17    1284    2015)
           9    0.116337    0.365254  (      17    1284    2020)
          10    0.116370    0.358619  (      17    1284    2035)
          11    0.116616    0.310705  (      17    1284    2049)
          12    0.116810    0.340798  (      17    1284    2040)
          13    0.116955    0.306858  (      17    1338    2049)
          14    0.117189    0.383954  (      17    1338    2011)
          15    0.117273    0.380196  (      17    1338    2012)
          16    0.117278    0.333642  (      17    1260    2004)
          17    0.117387    0.334705  (      17    1260    2003)
          18    0.117409    0.382148  (      17    1338    2013)
          19    0.117424    0.368222  (      17    1284    2056)
          20    0.117427    0.373971  (      17    1338    2035)
          21    0.117455    0.383359  (      17    1338    2015)
          22    0.117512    0.383629  (      17    1338    2020)
          23    0.117569    0.367843  (      17    1284    2071)
          24    0.117615    0.370805  (     103    1338    2146)
          25    0.117780    0.361169  (     103    1284    2146)
          26    0.117897    0.346314  (     103    1284    2144)
          27    0.117951    0.365888  (      17    1284    2094)
          28    0.118155    0.349885  (      81    1956    2146)
          29    0.118241    0.346728  (     103    1284    2186)
          30    0.118259    0.360465  (      17    1284    2098)
          31    0.118310    0.396100  (      31    1296    2035)
          32    0.118341    0.333955  (      17    1405    2004)
          33    0.118459    0.325917  (     103    1284    2188)
          34    0.118470    0.343588  (      17    1284    2141)
          35    0.118486    0.335006  (      17    1405    2003)
          36    0.118543    0.341893  (      17    1284    2125)
          37    0.118607    0.334979  (      17    1398    2004)
          38    0.118662    0.372132  (      17    1284    2192)
          39    0.118679    0.377515  (      17    1284    1385)
          40    0.118680    0.376558  (      17    1284    1299)
          41    0.118705    0.350385  (      17    1284    2144)
          42    0.118741    0.359865  (      17    1284    2145)
          43    0.118742    0.365645  (      17    1284    2148)
          44    0.118750    0.336028  (      17    1398    2003)
          45    0.118754    0.364754  (      17    1284    2143)
          46    0.118780    0.380953  (      17    1284    2146)
          47    0.118827    0.344991  (     103    1338    2144)
          48    0.118855    0.376626  (      17    1284    1464)
          49    0.118859    0.336182  (     103    1338    2188)
          50    0.118882    0.381345  (      17    1284    1081)
          51    0.118896    0.365092  (      17    1956    2004)
          52    0.118905    0.378336  (      17    1284    1347)
          53    0.118907    0.378306  (      17    1284    1362)
          54    0.118938    0.379019  (      17    1284    1310)
          55    0.118969    0.366401  (      17    1284    2150)
          56    0.118972    0.383743  (      17    1338    2094)
          57    0.119031    0.366413  (      17    1284    2174)
          58    0.119037    0.361911  (      17    1284    2164)
          59    0.119082    0.366592  (      17    1956    2003)
          60    0.119083    0.371313  (      17    1284    2167)
          61    0.119173    0.369709  (      17    1284    2168)
          62    0.119177    0.380338  (      17    1284    1124)
          63    0.119189    0.351572  (      17    1284    2188)
          64    0.119189    0.372070  (      17    1284    2170)
          65    0.119194    0.420589  (      17    1284    2200)
          66    0.119218    0.375174  (      17    1284    2175)
          67    0.119225    0.372119  (      17    1284    2173)
          68    0.119250    0.345303  (     103    1338    2186)
          69    0.119254    0.376977  (      17    1284    2193)
          70    0.119305    0.318597  (       1    1389    2004)
          71    0.119309    0.340033  (      17    1338    2040)
          72    0.119325    0.377877  (      17    1338    2056)
          73    0.119338    0.366659  (      17    1284    2180)
          74    0.119349    0.318414  (       1    1389    2003)
          75    0.119349    0.363123  (      17    1284    2229)
          76    0.119388    0.377505  (      17    1338    2071)
          77    0.119393    0.349920  (      17    1284    2186)
          78    0.119411    0.383075  (      17    1284    2197)
          79    0.119415    0.349965  (     103    1284    2125)
          80    0.119438    0.366103  (      17    1284    2215)
          81    0.119440    0.366120  (      17    1284    2217)
          82    0.119444    0.364574  (      17    1284    2219)
          83    0.119445    0.343160  (      17    1284    2181)
          84    0.119482    0.364620  (      17    1284    2190)
          85    0.119526    0.366148  (      17    1284    2210)
          86    0.119557    0.358349  (      17    1284    2187)
          87    0.119572    0.367202  (      17    1284    2198)
          88    0.119577    0.378846  (      17    1338    2098)
          89    0.119594    0.365709  (      17    1284    2194)
          90    0.119632    0.366139  (     103    1284    2040)
          91    0.119636    0.343414  (      17    1338    2141)
          92    0.119692    0.365867  (      17    1284    2226)
          93    0.119703    0.410329  (      31    2035    1682)
          94    0.119722    0.370580  (      17    1284    2203)
          95    0.119736    0.364046  (      17    1284    2227)
          96    0.119808    0.372099  (      17    1480    1284)
          97    0.119852    0.365392  (      17    1284    2230)
          98    0.119881    0.383085  (      17    1338    2143)
          99    0.119896    0.373511  (      17    1454    1284)
         100    0.119918    0.384169  (      17    1338    2148)
