Model_ID, [(c_i,i=0,n)_j,j=1,ntask]
           1    0.1098253359E+01   -0.4567382900E+00    0.3034885052E+00
           2    0.1087414761E+01   -0.4507592696E+00   -0.1824653467E+02
           3    0.1101224101E+01   -0.1115481039E+00    0.3326297739E+00
           4    0.1094789978E+01   -0.1101395660E+00   -0.2039390269E+02
           5    0.1224619558E+01   -0.4380596053E+00   -0.4919174196E+00
           6    0.3276588935E+00    0.1207574245E-01   -0.6419622769E-04
           7    0.3872168909E+00    0.1168395034E-01   -0.8217879760E-02
           8    0.5586749372E+00    0.1152069369E-01   -0.1130691136E+00
           9    0.4147040918E+00    0.1155551188E-01   -0.1675813045E+00
          10    0.3725294643E+00    0.1192106198E-01   -0.1028095953E-02
          11   -0.1685285595E+00    0.1234973894E-01    0.4311817620E+01
          12    0.1605112918E-01    0.1146424249E-01    0.4185382322E+00
          13    0.3992549876E+00    0.1250613172E-01   -0.3523886142E+00
          14    0.4063001702E+00    0.1167494160E-01   -0.4519501485E-01
          15   -0.2189552565E+01   -0.4340856940E+00    0.3127495626E+01
          16    0.3026994975E+00    0.1221122720E-01   -0.7893241901E-02
          17    0.3706323399E+00    0.1206242789E-01   -0.1176837204E+00
          18    0.3536901259E+00    0.1194460378E-01   -0.1971359742E-04
          19    0.1909076115E+00   -0.4770925423E-01   -0.1381337830E+00
          20    0.3341656631E+00    0.1205261943E-01   -0.5684660917E-04
          21    0.9355828979E+00   -0.4338923967E+00   -0.1509439873E+01
          22    0.4213212757E+00    0.1160531847E-01   -0.1296902339E+00
          23    0.3313990856E+00    0.1198438725E-01   -0.1023585294E-02
          24    0.2111194600E+01   -0.3235879568E+01   -0.1651144694E-01
          25    0.3305347443E+00    0.1203793666E-01   -0.7107054568E-03
          26    0.4101699477E+00    0.1166515278E-01    0.5855180107E-01
          27    0.4875909614E+00    0.1992998137E+00   -0.1060677524E+01
          28    0.3555196010E+00    0.1210295385E-01   -0.1885021449E-01
          29    0.4053692495E+00    0.1169568759E-01   -0.5433800922E+00
          30    0.2722767465E+00    0.1229736597E-01   -0.5730616204E-03
          31    0.1053902392E+01   -0.4373761563E+00   -0.9416783598E+00
          32    0.3427428161E+00    0.1189894875E-01   -0.6765997499E-02
          33    0.3916182006E+00    0.1185298863E-01   -0.7582207541E+00
          34   -0.1199726357E+01    0.1184412890E-01    0.1594966219E+01
          35    0.3811625537E+00    0.1188857247E-01   -0.1813023657E-01
          36    0.2940935794E+00    0.1219497477E-01   -0.2197931626E-02
          37    0.2717781909E+00    0.1230137135E-01   -0.3611111622E-02
          38    0.2801752002E+00    0.1223443349E-01   -0.1309511752E-01
          39    0.5146863052E+00    0.1179933107E-01    0.5187996206E+00
          40   -0.1088807270E+01   -0.4126677176E+00    0.2056213410E+01
          41    0.2873508501E+00    0.1225600842E-01   -0.1365523303E-01
          42    0.8756519958E+00    0.6747696375E-02    0.2815551118E+00
          43    0.3613232917E+00    0.1181600791E-01   -0.1713252581E+02
          44   -0.3395544827E+02    0.1181581143E-01    0.3431682302E+02
          45    0.3500333475E+00    0.1184983011E-01   -0.9233705494E-01
          46    0.2886945781E+00    0.1224668455E-01   -0.7037333457E-03
          47    0.3517080992E+00    0.1199528973E-01   -0.5609114667E-05
          48    0.9629054621E+00   -0.4130782605E+00   -0.9744507739E+00
          49    0.3629700285E+00    0.1201534636E-01   -0.9485693721E-05
          50    0.3574482717E+00    0.1185793441E-01   -0.1306324505E+01
          51    0.2888483349E+00    0.1225626505E-01   -0.2895405751E-02
          52    0.2606070753E+00    0.1254462747E-01    0.2061091594E+00
          53    0.2938743061E+00    0.1225633694E-01   -0.3158366877E-02
          54    0.3323494912E+00    0.1202946513E-01   -0.1248271632E+02
          55    0.3473711259E+00    0.1191345429E-01   -0.2568797067E-03
          56    0.1059610295E+01   -0.1064742159E+00   -0.1058307979E+01
          57    0.2889805812E+00    0.1225762301E-01   -0.5679179332E-03
          58    0.2890464348E+00    0.1225931029E-01   -0.1416789134E-02
          59    0.2586998963E+00    0.1255269820E-01    0.2079512631E+00
          60    0.3410562612E+00    0.1193407964E-01   -0.5783656404E+01
          61    0.2878025541E+00    0.1226726407E-01   -0.1988028316E-02
          62    0.2884648272E+00    0.1227482327E-01   -0.4038042190E-03
          63    0.2885828793E+00    0.1226687130E-01   -0.1148026849E-02
          64    0.4290348848E+00    0.1270008789E-01    0.2013193284E+00
          65    0.3283012750E+00    0.1197671062E-01   -0.3107425206E+02
          66    0.2878188544E+00    0.1234060850E-01   -0.6281263073E-03
          67    0.3585774405E+00    0.1185106207E-01   -0.7062919867E+01
          68    0.1004896089E+01   -0.4417997955E+00   -0.4359571646E+00
          69    0.3446860183E+00    0.1194336726E-01   -0.7519255934E-02
          70    0.3148986111E+00    0.1213360036E-01   -0.5376808999E-04
          71    0.3789240975E+00    0.1204312968E-01   -0.1509228901E+00
          72    0.3357617201E+00    0.1196565601E-01   -0.8532748897E+01
          73    0.4827710213E+00    0.2043902166E+00   -0.1846298187E+02
          74    0.1231276962E+01   -0.1063892488E+00   -0.5264563857E+00
          75    0.3578644217E+00    0.1189890504E-01   -0.2380775819E-03
          76    0.4653765649E+00   -0.2695467574E-03    0.9825636502E+00
          77    0.4480647736E+00    0.1250713113E-01   -0.2285464240E-01
          78    0.1413491148E+01    0.4905941023E-01   -0.9875898696E+00
          79    0.2877307958E+00    0.1226738510E-01   -0.2444845811E-02
          80    0.2844167312E+00    0.1231839106E-01    0.1642877856E-02
          81    0.2878371158E+00    0.1232736570E-01   -0.3945669988E-02
          82    0.3256451284E+00    0.1201317803E-01   -0.1322054072E-01
          83    0.2961200245E+00    0.1219871051E-01   -0.2689853630E-01
          84    0.5431016958E+00    0.1237095788E-01   -0.3460888299E+00
          85    0.2884708914E+00    0.1224752477E-01   -0.1184162302E-02
          86    0.3283820626E+00    0.1205840291E-01   -0.1253695590E-04
          87    0.4273629929E+00    0.1259258684E-01   -0.1215630810E+02
          88    0.3332453851E+00    0.1197880066E-01   -0.2501803219E+02
          89    0.2446740165E+00    0.1251290788E-01    0.1220350657E+00
          90    0.5675073430E+00    0.1199916341E-01   -0.1206344468E-01
          91    0.2774780909E+00    0.1224478056E-01   -0.1775462668E-02
          92   -0.3066234367E+00    0.1232072337E-01   -0.6385401022E+00
          93    0.2754561686E+00    0.1226859975E-01   -0.3580567009E-03
          94    0.1037776288E+01   -0.4433014333E+00   -0.8165935895E+00
          95    0.1035085659E+01   -0.1928891962E+00    0.3662710369E+00
          96    0.3525685511E+00    0.1207955568E-01   -0.4684122238E-02
          97    0.3521916372E+00    0.1201724061E-01   -0.1673524068E-01
          98    0.2945449504E+00    0.1220522539E-01   -0.2651488110E-01
          99    0.4858161346E+00   -0.9960668160E-05   -0.6001026969E-01
         100   -0.2485729518E+03    0.1206910057E-01    0.2488828734E+03
