Model_ID, [(c_i,i=0,n)_j,j=1,ntask]
           1    0.2732056790E-02   -0.2991290435E+01   -0.2168928626E+01    0.2980923470E+00   -0.7790753113E-03
           2    0.2259766819E-02   -0.2993029259E+01   -0.2033076221E+01    0.2937849252E+00    0.4696427429E-01
           3    0.4902494626E+00    0.1377839848E+01   -0.1965643474E+01   -0.2160853414E+01   -0.8370720107E-03
           4    0.3274531538E+00   -0.2910581893E+01   -0.2009192115E+01    0.3237458724E+00   -0.6529111361E+01
           5    0.1088584239E+01   -0.6165515032E+00   -0.2093700838E+01    0.7976097964E-01   -0.4894703741E+00
           6    0.1611094093E+00   -0.2933578106E+01   -0.2103132031E+01    0.3131768945E+00   -0.5179639750E+02
           7    0.1957999240E+00   -0.2919857949E+01   -0.2057942659E+01    0.3221479749E+00   -0.1044421486E+01
           8   -0.2350710148E+00   -0.3017047784E+01   -0.2045235636E+01    0.3086988391E+00    0.5060373514E-01
           9    0.8914453975E+00   -0.6527238292E+00   -0.2106323862E+01    0.7974230447E-01   -0.4833465466E+00
          10   -0.2817548361E+05   -0.3016145143E+01   -0.2081659781E+01    0.3167582024E+00    0.2817558175E+05
          11   -0.2444593407E+00   -0.3010634023E+01   -0.1991320357E+01    0.3244277869E+00    0.3004042308E-03
          12   -0.1170556575E+01   -0.2987847962E+01   -0.2055927906E+01    0.2788012945E+00    0.5499907425E+00
          13    0.8796903763E+00   -0.6575586328E+00   -0.2117065139E+01    0.4641411096E-01   -0.4430422067E+00
          14    0.2746786294E+00    0.1607617868E+01   -0.1737553530E+01   -0.2371653894E+01    0.9575020808E-03
          15    0.1074106299E+01   -0.6211535550E+00   -0.2100471847E+01    0.4579203924E-01   -0.4500506087E+00
          16   -0.1455750782E-01   -0.3003478061E+01   -0.1931048389E+01    0.2823767635E+00    0.3330852861E-01
          17    0.8597713391E-01   -0.2964935933E+01   -0.2082109828E+01    0.2945652278E+00    0.5676192488E-01
          18   -0.8806423371E+00    0.1442733641E+01   -0.3939022839E+00   -0.7777473632E+01    0.1126667099E+00
          19    0.7552535307E+00   -0.6423378741E+00   -0.1875062922E+01    0.1417087570E+00   -0.5665232125E+00
          20    0.6982419013E-01   -0.2980741805E+01   -0.2085239540E+01    0.2932442981E+00    0.3298030509E-01
          21    0.4641081424E+00    0.2015319419E+01   -0.3133350021E+00   -0.2422962253E+01    0.1084503428E-02
          22    0.1312131120E+01   -0.6142231322E+00   -0.2358860210E+01   -0.8377474969E-01   -0.4006070127E+00
          23    0.5498154570E+00   -0.6801299353E+00   -0.1888576634E+01    0.1424760639E+00   -0.5604366711E+00
          24    0.4825551418E+00    0.2014178018E+01   -0.3159347690E+00   -0.2412896907E+01    0.1039939015E-02
          25    0.4603738071E+00    0.1311970958E+01   -0.2017746353E+01   -0.2009678153E+01    0.4769197369E-01
          26   -0.6879793860E-01   -0.3034345936E+01   -0.1887540583E+01    0.2640639070E+00    0.1250558823E+00
          27   -0.6879793860E-01   -0.3034345936E+01   -0.1887540583E+01    0.2640639070E+00    0.1250558823E+00
          28    0.1262613734E+01   -0.6136839096E+00   -0.2299650222E+01   -0.3861497448E+00   -0.2425614428E+00
          29   -0.1037113827E+01    0.1409531412E+01   -0.4229123978E+00   -0.7797423255E+01    0.1138601356E+00
          30    0.1470347823E+00    0.1889796408E+01   -0.2451255713E+00   -0.2383210781E+01    0.1190768934E+00
          31    0.1470347823E+00    0.1889796408E+01   -0.2383210781E+01   -0.2451255713E+00    0.1190768934E+00
          32   -0.7257042002E+00    0.1738167529E+01   -0.7359350587E+01   -0.5642779963E-01   -0.1549151118E+00
          33   -0.7257042002E+00    0.1738167529E+01   -0.5642779963E-01   -0.7359350587E+01   -0.1549151118E+00
          34    0.1285627190E+01   -0.6179822698E+00   -0.2351350473E+01   -0.2894968038E+00   -0.4473267245E+00
          35   -0.8054308688E+00    0.1640457006E+01   -0.4339258284E+00   -0.6200141730E+01    0.2555223137E+00
          36   -0.6562203712E+00    0.1645115945E+01   -0.4089105413E+00   -0.6159838299E+01    0.2587708916E+00
          37    0.8826667220E+00   -0.6288555510E+00   -0.1925879197E+01   -0.1929938254E+00   -0.4762113221E+00
          38   -0.3173976510E+05    0.1487591837E+01   -0.1911745182E+01   -0.2072242724E+01    0.3174040324E+05
          39    0.7671083222E+00    0.1850780340E+01   -0.3552701373E+00   -0.2157434420E+01   -0.8102055816E-03
          40    0.6827523509E+00   -0.6657954264E+00   -0.1939850215E+01   -0.1948331503E+00   -0.4696179715E+00
          41    0.6048458200E-02   -0.2998363868E+01   -0.1814688420E+01    0.9539789868E-01    0.3096142034E+00
          42   -0.6008296492E+00    0.1300840343E+01   -0.4127879667E+00   -0.6288541361E+01    0.2393556522E+00
          43    0.3664521819E+00    0.2062161487E+01   -0.2130459900E+00   -0.2424296241E+01    0.1111320074E-02
          44   -0.7152680248E+00    0.1748215746E+01   -0.5651135549E-01   -0.7358836385E+01   -0.1563779592E+00
          45   -0.3040192339E+00   -0.2965284143E+01   -0.2646450952E+01    0.1430069520E-03    0.3064780710E+00
          46    0.1093922654E+01   -0.6506731479E+00   -0.2349867822E+01   -0.8042142958E-01   -0.3989533712E+00
          47   -0.1807542342E+01    0.1119570004E+01   -0.4352473965E+00   -0.1157316749E+01    0.1534200653E+02
          48    0.3848698003E+00    0.2058276864E+01   -0.2151856918E+00   -0.2413175621E+01    0.1062774980E-02
          49   -0.1030308771E+01    0.1714478784E+01   -0.4222449926E+00   -0.7240905578E+01   -0.1510912132E+00
          50    0.5013188110E+00    0.1914438667E+01   -0.2487759943E+01   -0.2044899375E-01    0.1306274516E-02
          51    0.3538015626E-01   -0.2995926794E+01   -0.1956065826E+01    0.2998524751E+00   -0.1340811308E+00
          52    0.6188084742E-02   -0.2925381871E+01   -0.1946935775E+01    0.2239286464E+00    0.1239091387E-02
          53    0.7643074916E+00    0.1851609334E+01   -0.3527524609E+00   -0.2152110076E+01   -0.8333346881E-03
          54    0.9356296548E+00   -0.2573976989E+01   -0.1768474484E+01   -0.7035469813E+00    0.2707506167E+00
          55    0.9356296548E+00   -0.7035469813E+00   -0.2573976989E+01   -0.1768474484E+01    0.2707506167E+00
          56    0.2278322522E+00    0.1559589428E+01   -0.3758924229E+00   -0.1880599280E+01    0.7431505992E-01
          57    0.2278322522E+00    0.1559589428E+01   -0.3758924229E+00   -0.1880599280E+01    0.7431505992E-01
          58    0.5214083610E+00    0.1922731892E+01   -0.2480335772E+01   -0.2050754046E-01    0.1267747947E-02
          59   -0.1959816891E+01   -0.6152993623E+00    0.1068578178E+01    0.7984803457E-01   -0.5080005123E+00
          60    0.1044661328E+01   -0.6501751442E+00   -0.2291225197E+01   -0.3855494443E+00   -0.2319669641E+00
          61    0.1817613480E+00    0.1927757875E+01   -0.2300272171E+01    0.1057535282E+00   -0.5168176388E-01
          62    0.1817613480E+00    0.1927757875E+01   -0.2300272171E+01   -0.5168176388E-01    0.1057535282E+00
          63   -0.6546032648E+00    0.1213679850E+01   -0.4225219872E+00   -0.1047424262E+01    0.9049601177E+01
          64   -0.2560229968E-02   -0.2981957699E+01   -0.1937648127E+01    0.2294943596E+00   -0.1023432940E+00
          65   -0.5898033525E-01    0.1476610657E+01   -0.4071646057E+00   -0.2247623813E+01    0.9727636474E-01
          66   -0.8937627037E+00    0.1486688363E+01   -0.4154127757E+00   -0.2970373164E+01   -0.1415603099E+00
          67    0.9466294675E-02   -0.2982356983E+01   -0.1994554961E+01   -0.6501407489E-02    0.2774242171E+00
          68    0.1067391923E+01   -0.6545066600E+00   -0.2342865128E+01   -0.2780106790E+00   -0.4437610966E+00
          69    0.1298897400E+00   -0.2987563634E+01   -0.1973453949E+01    0.2517629492E+00   -0.1891380514E+00
          70   -0.1169298479E+01    0.1726919855E+01   -0.4446266665E+00   -0.7274642769E+01   -0.1446825458E+00
          71    0.1550047939E+00   -0.2879799461E+01   -0.1903579369E+01    0.2530441046E+00   -0.1277638211E+00
          72    0.1207843625E+01    0.1154901877E+01   -0.4078344701E+00    0.1505270341E+01   -0.1529091793E+01
          73    0.3803153172E-01   -0.2956905492E+01   -0.1926248850E+01    0.2552139245E+00   -0.9491097111E-01
          74    0.1186432820E+01    0.1158781158E+01   -0.4077126476E+00    0.1535745770E+01   -0.1497364500E+01
          75   -0.8543482189E-02   -0.3026100193E+01   -0.1866181802E+01    0.2719549318E+00    0.9735822573E-02
          76    0.4788313068E+00    0.1987757304E+01   -0.1898847394E+01    0.7925266501E-01   -0.4719087635E-01
          77    0.4788313068E+00    0.1987757304E+01   -0.1898847394E+01   -0.4719087635E-01    0.7925266501E-01
          78    0.4788313068E+00    0.1987757304E+01   -0.1898847394E+01   -0.4719087635E-01    0.7925266501E-01
          79    0.4788313068E+00    0.1987757304E+01   -0.1898847394E+01   -0.4719087635E-01    0.7925266501E-01
          80   -0.6596472046E+00    0.1226496379E+01   -0.4404592197E+00   -0.1101599118E+01    0.1308646880E+02
          81    0.2093644152E+00    0.1942931850E+01   -0.2298300091E+01   -0.5155295299E-01    0.1022993578E+00
          82    0.1518833522E+00   -0.2881584764E+01   -0.1906266156E+01    0.2541654111E+00   -0.1250593110E+00
          83    0.2262109271E+00    0.1862964985E+01   -0.1307802740E+00   -0.2369653193E+01    0.1077191083E+00
          84    0.2262109271E+00    0.1862964985E+01   -0.2369653193E+01   -0.1307802740E+00    0.1077191083E+00
          85    0.6603782386E+00    0.1414232342E+01   -0.1880503796E+01   -0.2080426675E+01   -0.5293787104E+02
          86   -0.6590696494E+00   -0.2986392248E+01   -0.2634719759E+01    0.2010668458E-01    0.3044150801E+00
          87    0.1073844875E+01   -0.6223116410E+00   -0.2488113596E+00    0.4247326879E-01   -0.4315339016E+00
          88    0.4762907183E+00    0.2016341633E+01   -0.2509237958E+01   -0.5852011080E-01    0.1274408618E-02
          89    0.4762907183E+00    0.2016341633E+01   -0.5852011080E-01   -0.2509237958E+01    0.1274408618E-02
          90   -0.2173339835E+01   -0.6514005944E+00    0.1073819812E+01    0.7975800596E-01   -0.5021842780E+00
          91   -0.1987603713E+01   -0.6197470614E+00    0.1075755768E+01    0.4642966451E-01   -0.4674526250E+00
          92   -0.8037072755E-01   -0.2967035863E+01   -0.1982486308E+01    0.2631851444E+00    0.1422690515E+01
          93    0.5328890001E+00    0.2113453750E+01   -0.3603559683E+00   -0.2438742901E+01    0.1099752822E-02
          94   -0.7130151240E+00    0.1803083057E+01   -0.1457351359E+00    0.1018706925E+02   -0.2787728911E-03
          95   -0.7130151240E+00    0.1803083057E+01    0.1018706925E+02   -0.1457351359E+00   -0.2787728911E-03
          96    0.1157014295E+01   -0.6220760766E+00   -0.2222280411E+01   -0.7984294268E-01   -0.4859288810E+00
          97   -0.6056455120E+00    0.1918766405E+01   -0.4877560645E-01   -0.7879025168E+01    0.1086906141E+00
          98   -0.6056455120E+00    0.1918766405E+01   -0.7879025168E+01    0.1086906141E+00   -0.4877560645E-01
          99    0.1616097353E+01   -0.6215174739E+00   -0.2714627397E+01    0.4361605199E-01   -0.1026159590E+00
         100    0.4948485701E+00    0.1999582025E+01   -0.1909159082E+01   -0.4721314845E-01    0.7697506265E-01
