        Rank        RMSE       MaxAE  Feature_ID
           1    0.365296    0.809140  (      19)
           2    0.365664    0.806437  (      20)
           3    0.372618    1.313732  (      28)
           4    0.373592    1.282118  (      29)
           5    0.377350    1.361783  (      34)
           6    0.379822    0.906520  (      37)
           7    0.382693    1.096003  (      44)
           8    0.382958    1.003440  (      45)
           9    0.383558    1.315578  (      49)
          10    0.383930    1.350354  (      50)
          11    0.396322    1.078064  (      90)
          12    0.400459    1.287641  (     117)
          13    0.402958    1.285050  (     134)
          14    0.404054    1.272980  (     141)
          15    0.405636    1.161271  (     155)
          16    0.406154    1.334009  (     165)
          17    0.407716    1.260704  (     183)
          18    0.408031    1.180248  (     186)
          19    0.408767    1.300544  (     194)
          20    0.411207    1.222511  (     226)
          21    0.411400    0.884651  (     229)
          22    0.411877    1.032990  (     236)
          23    0.412285    1.162557  (     242)
          24    0.413085    1.045949  (     255)
          25    0.413177    1.035084  (     261)
          26    0.413177    1.035084  (     262)
          27    0.413177    1.035084  (     263)
          28    0.413363    1.012890  (     268)
          29    0.413555    1.355478  (     275)
          30    0.413592    1.205496  (     276)
          31    0.413621    1.095455  (     278)
          32    0.413708    0.901384  (     282)
          33    0.414786    1.276287  (     305)
          34    0.414971    1.172923  (     308)
          35    0.415460    1.377541  (     316)
          36    0.415493    1.181252  (     317)
          37    0.415782    0.876590  (     321)
          38    0.415882    1.197212  (     323)
          39    0.415942    0.944806  (     324)
          40    0.416504    1.225994  (     338)
          41    0.416642    1.391986  (     342)
          42    0.418014    1.374768  (     370)
          43    0.418164    1.370175  (     373)
          44    0.418211    1.012060  (     374)
          45    0.418397    1.389874  (     378)
          46    0.419549    1.388900  (     398)
          47    0.419684    0.997838  (     399)
          48    0.419875    1.462583  (     402)
          49    0.420322    1.423336  (     409)
          50    0.420605    0.888382  (     413)
          51    0.420853    0.891351  (     418)
          52    0.423165    1.416212  (     478)
          53    0.423258    0.870282  (     482)
          54    0.424307    1.050586  (     514)
          55    0.425610    1.428577  (     547)
          56    0.425911    1.236157  (     557)
          57    0.426202    1.297150  (     561)
          58    0.426307    1.296280  (     563)
          59    0.426367    1.297635  (     564)
          60    0.426637    1.320656  (     569)
          61    0.427041    1.274342  (     573)
          62    0.427731    1.289390  (     586)
          63    0.427804    1.211413  (     589)
          64    0.427914    1.278882  (     592)
          65    0.427961    1.151934  (     595)
          66    0.428121    1.341620  (     597)
          67    0.428190    1.206602  (     599)
          68    0.428266    1.236500  (     602)
          69    0.428333    1.446711  (     603)
          70    0.428423    1.131844  (     605)
          71    0.428533    1.207126  (     607)
          72    0.428617    1.280910  (     609)
          73    0.428636    1.150831  (     610)
          74    0.428765    1.237151  (     614)
          75    0.428829    1.390461  (     616)
          76    0.428897    1.382012  (     618)
          77    0.428903    1.324137  (     619)
          78    0.429072    1.252518  (     622)
          79    0.429099    1.395814  (     623)
          80    0.429172    1.269353  (     624)
          81    0.429174    1.190114  (     625)
          82    0.429195    1.435229  (     626)
          83    0.430662    1.021028  (     671)
          84    0.431172    1.149577  (     689)
          85    0.431506    1.391325  (     697)
          86    0.431947    1.026105  (     704)
          87    0.432073    2.114383  (     708)
          88    0.432601    1.302673  (     733)
          89    0.432862    1.021962  (     741)
          90    0.432996    1.003548  (     746)
          91    0.434157    1.346136  (     785)
          92    0.435165    1.357215  (     826)
          93    0.437844    0.952941  (     913)
          94    0.438283    1.327494  (     924)
          95    0.438743    1.208683  (     941)
          96    0.438800    1.252327  (     942)
          97    0.439124    1.248785  (     953)
          98    0.439543    1.323841  (     968)
          99    0.439857    1.143567  (     978)
         100    0.440761    1.158094  (    1000)
