Model_ID, [(c_i,i=0,n)_j,j=1,ntask]
           1    0.2918886725E-02   -0.2986841814E+01   -0.1954611778E+01    0.2936925958E+00
           2    0.4564011325E+00    0.1302395762E+01   -0.2018911924E+01   -0.1929808681E+01
           3    0.7343930245E+00    0.1777055852E+01   -0.3671332664E+00   -0.1933801210E+01
           4   -0.8323909127E+00    0.1471822541E+01   -0.3911549524E+00   -0.7378320830E+01
           5   -0.1729152442E+01   -0.6406468662E+00   -0.9948276311E+01    0.3241375494E+00
           6   -0.1214132039E+00   -0.3007461097E+01   -0.1892284519E+01   -0.1793874434E+00
           7   -0.9080805753E+00    0.1613664276E+01   -0.4028048034E+00   -0.3007721182E+01
           8    0.1288112952E+02   -0.6270800926E+00   -0.1410220288E+02    0.3168449900E+00
           9    0.7354824680E+00    0.1784714465E+01   -0.3631498138E+00   -0.1921821807E+01
          10   -0.7437921622E+00    0.1659823677E+01   -0.3723618658E+00   -0.2986817338E+01
          11   -0.4470207420E+01   -0.6266992040E+00    0.2889347886E+01    0.3099373584E+00
          12   -0.1438464997E+01   -0.6370710533E+00    0.9766543890E+00   -0.3799485896E+00
          13   -0.1717542256E+01   -0.6408449830E+00   -0.9707758934E+01    0.3268449080E+00
          14   -0.9836597969E+00    0.1444564016E+01   -0.4188812031E+00   -0.7395913083E+01
          15    0.6288819810E+00    0.1825565877E+01   -0.2505219642E+00   -0.1921904372E+01
          16    0.1968999911E+01   -0.6184703132E+00    0.1056950193E+01   -0.6570608451E+00
          17   -0.5685871480E+00    0.1931086134E+01   -0.4881445206E-01   -0.7487930521E+01
          18   -0.5685871480E+00    0.1931086134E+01   -0.7487930521E+01   -0.4881445206E-01
          19   -0.1012698343E+01   -0.6275334652E+00    0.1140012760E+02    0.3190091500E+00
          20   -0.1378876959E+01   -0.6375835385E+00   -0.3845703652E+00   -0.9676282279E+00
          21    0.1771224698E+01   -0.6549751113E+00    0.1053138997E+01   -0.6599711997E+00
          22   -0.1696568129E+01   -0.6266051937E+00   -0.3779058884E+01    0.3076813890E+00
          23    0.2425325045E+01   -0.6200223502E+00    0.1886909360E+00   -0.7560400547E+00
          24   -0.1095415191E+01    0.1777910586E+01   -0.4224401236E+00   -0.7333012637E+01
          25   -0.3112357783E+01   -0.6536693646E+00   -0.9266077588E+00    0.1883508162E+02
          26   -0.1720101915E+01   -0.6265838678E+00   -0.3923178015E+01    0.3069296485E+00
          27   -0.3151432084E+01   -0.6533332447E+00    0.9255395551E+00    0.1862056481E+02
          28   -0.1340557453E+01   -0.6257079662E+00    0.3949553943E+00   -0.1102081719E+01
          29    0.2228643358E+01   -0.6565145875E+00    0.1873808599E+00   -0.7593850431E+00
          30    0.1833579230E+01   -0.6205349249E+00    0.9609922589E+00   -0.3064749526E+00
          31   -0.5556398988E+00    0.1945702343E+01   -0.4869610582E-01   -0.7490369856E+01
          32   -0.2922178163E+01   -0.6170178334E+00    0.9330081926E+00    0.1845644566E+02
          33   -0.2888532978E+01   -0.6172096708E+00   -0.9289986688E+00    0.1872013607E+02
          34    0.1640119440E+01   -0.6571299148E+00    0.9552149205E+00   -0.3085361931E+00
          35   -0.9503871595E+00    0.1792146712E+01   -0.3967758674E+00   -0.7309984308E+01
          36   -0.1453574457E+01   -0.6360318696E+00   -0.3861684106E+00    0.3551965922E+00
          37    0.1955163663E+01   -0.5955182229E+00    0.1770739560E+01   -0.4289659789E+00
          38   -0.6308647984E+00    0.6861028848E+00   -0.1895336489E-02   -0.2630118155E+01
          39    0.2396959805E+00    0.1444983719E+00   -0.2110913321E+01   -0.1889794096E+01
          40    0.1865159336E+01   -0.6555222957E+00   -0.1045953347E+01   -0.6648600235E+00
          41    0.2068941027E+01   -0.6188765184E+00   -0.1045398267E+01   -0.6633331480E+00
          42   -0.3171797132E+01   -0.6180645176E+00    0.2091858372E+02    0.1630533878E+00
          43   -0.3575428518E+01   -0.6385868966E+00    0.3799030222E+00    0.2277472251E+01
          44   -0.3401910315E+01   -0.6543522914E+00    0.2108377152E+02    0.1612269730E+00
          45    0.2256903231E+01   -0.6165258166E+00    0.3770011066E+00   -0.4655107163E+00
          46   -0.1391780641E+01   -0.6384520279E+00    0.3807215949E+00   -0.2985111883E+01
          47   -0.3167488626E+01   -0.5985362323E+00    0.2242756624E+02    0.2919584065E+00
          48   -0.1411124488E+01   -0.6384156537E+00    0.3808888437E+00   -0.3100675834E+01
          49    0.1167771739E-02   -0.6238428444E+00   -0.5462727528E+00    0.2886064328E+00
          50   -0.1389810006E+01   -0.6395043645E+00    0.1031034548E+01   -0.3026670655E+01
          51   -0.1370713734E+01   -0.6395404042E+00    0.1030131299E+01   -0.2913104115E+01
          52   -0.3393007762E+01   -0.6338848210E+00    0.2258729509E+02    0.2878473548E+00
          53    0.2636591288E+01   -0.6022217198E+00   -0.3744847913E+00    0.3017314016E+00
          54   -0.3852804744E+01   -0.6209712181E+00    0.2529830413E+02   -0.4044842410E+00
          55    0.2372496933E+01   -0.6383945611E+00    0.3836642364E+00   -0.3868118476E+01
          56    0.3068940110E+01   -0.6265477815E+00   -0.4895645280E+01    0.3066302276E+00
          57    0.2304635700E+01   -0.6394899310E+00    0.1039569954E+01   -0.3777298472E+01
          58   -0.6312436667E+00    0.6831414162E+00   -0.1890248241E-02   -0.2630499605E+01
          59   -0.3499028007E+01   -0.6396733726E+00    0.1026450989E+01    0.2220527666E+01
          60   -0.1924898076E+01   -0.6283518419E+00   -0.1075329842E+01   -0.1726461823E+01
          61    0.6328350772E+00    0.1837671305E+01   -0.2472045725E+00   -0.1909067596E+01
          62   -0.1925752326E+01   -0.6779566575E+00   -0.9730113813E+01    0.3302226754E+00
          63    0.2226671147E+01   -0.6221007938E+00   -0.3481615334E+00    0.1674265264E+00
          64    0.2332199210E+00    0.1414235367E+00   -0.2123798147E+01   -0.1886639748E+01
          65   -0.1316651509E+01   -0.6272312908E+00    0.1061911845E+01   -0.1069719752E+01
          66    0.9217549442E+01   -0.6413534441E+00   -0.1687656974E+01   -0.1080745632E+02
          67    0.2447407330E+01   -0.6378202071E+00   -0.3766447929E+00    0.2979415029E+00
          68   -0.1485105239E+01   -0.6409170355E+00   -0.4295424791E+00    0.1678295527E+00
          69    0.2183736631E+01   -0.6181906324E+00    0.1016163854E+01   -0.4532521642E+00
          70   -0.7983613334E+00    0.6711273850E+00   -0.2065492149E-01   -0.2600363864E+01
          71    0.2033650417E+01   -0.6586879040E+00   -0.3503751276E+00    0.1658015113E+00
          72   -0.4087989050E+01   -0.6408257585E+00   -0.1662263482E+01    0.2225931159E+01
          73   -0.4077230564E+01   -0.6571269633E+00    0.2543460389E+02   -0.3960893223E+00
          74   -0.1791175428E+01   -0.6581987248E+00    0.8482468798E+00    0.1073043319E+02
          75    0.1999605647E+01   -0.6171616005E+00    0.3841194950E+00   -0.6652871544E+00
          76    0.8327085984E+01   -0.6345143289E+00   -0.4400812223E+01   -0.9909261565E+01
          77   -0.1444656928E+01   -0.6348312884E+00    0.7990619203E+01   -0.4468076250E+01
          78    0.2582769499E+01   -0.6161769611E+00   -0.3937573139E+00    0.1885758684E+01
          79    0.3093411637E+01   -0.6101244181E+00   -0.4284110145E+03   -0.9047420575E+00
          80    0.1800341411E+01   -0.6536295860E+00    0.3832252178E+00   -0.6677436405E+00
          81    0.2692615207E+01   -0.6258817304E+00   -0.4236163284E+00   -0.4158691359E+00
          82   -0.1570647366E+01   -0.6216038225E+00    0.8578027086E+00    0.1061668005E+02
          83    0.9988756289E+01   -0.6391197357E+00    0.3821429477E+00   -0.1099662478E+02
          84   -0.2137018200E+01   -0.6670789626E+00   -0.1011256302E+01   -0.1831519119E+01
          85    0.1994880349E+01   -0.5952162954E+00    0.1723080722E+01   -0.4355354917E+00
          86    0.8344479855E+01   -0.6800500347E+00   -0.1795332766E+01   -0.1017110033E+02
          87   -0.1632438750E+01   -0.6747952056E+00    0.9923184707E+00   -0.3700841607E+00
          88   -0.1455476723E+01   -0.6150734209E+00    0.1651919116E+01   -0.3545332801E+00
          89    0.2257381298E+00    0.1380355110E+00   -0.2138916693E+01   -0.1883549659E+01
          90   -0.1951371743E+01   -0.6407038143E+00   -0.1660530004E+01   -0.2911179105E+01
          91    0.1235073882E+02   -0.6638612493E+00   -0.1377422547E+02    0.3231778418E+00
          92   -0.3187867484E+01   -0.6519687724E+00    0.3342953899E+00    0.1890495360E+02
          93    0.2894324288E+01   -0.6461666121E+00   -0.4268251169E+03   -0.9067424533E+00
          94   -0.1436179291E+01   -0.6418197340E+00   -0.1708030745E+01    0.8697282049E+01
          95   -0.1350556635E+01   -0.6035554724E+00    0.1825932008E+01   -0.9983664141E+00
          96    0.1721977691E+01   -0.6576320747E+00   -0.9379363632E+00   -0.3103376358E+00
          97   -0.8565493308E+00   -0.6586643814E+00    0.5269890701E+00    0.2772238346E+00
          98   -0.1969577620E+01   -0.6406708241E+00   -0.1659975037E+01   -0.3022182411E+01
          99   -0.6207576552E+00    0.5865895981E+00   -0.2127489033E-02   -0.6597222171E+01
         100    0.1675440918E+01   -0.6558126186E+00    0.3458887587E+00   -0.3130887950E+00
