        Rank        RMSE       MaxAE  Feature_ID
           1    0.167187    0.515095  (      37    1439    2061    3002)
           2    0.170817    0.482991  (      37    1439    2061    3010)
           3    0.171666    0.511269  (     826      37    1439    3002)
           4    0.174117    0.533578  (      37    1439    2061    3715)
           5    0.174575    0.607842  (      19    1360    2119    2647)
           6    0.174711    0.527476  (      37    1439    2061    3934)
           7    0.174718    0.563314  (      37    1439    2061    3950)
           8    0.174944    0.509647  (      37    1439    2061    3449)
           9    0.175173    0.633714  (      20    1360    2119    2647)
          10    0.175384    0.503279  (      37    1439    2061    3808)
          11    0.175608    0.511323  (      37    1439    2061    3645)
          12    0.175955    0.466874  (      37    1439    2061    3733)
          13    0.176097    0.663777  (      20    1360    2184    2647)
          14    0.176156    0.547729  (     826      37    1439    2196)
          15    0.176180    0.637332  (      19    1360    2184    2647)
          16    0.176823    0.540167  (      37    1439    2061    2664)
          17    0.177063    0.458434  (      37    1439    2061    2119)
          18    0.177071    0.509197  (     826      19    1107    2093)
          19    0.177222    0.522808  (      19    1360    2178    2647)
          20    0.177281    0.489247  (      37    1439    2061    2184)
          21    0.177291    0.600615  (     826     242    1439    2196)
          22    0.177427    0.534044  (      19    1360    2591    2647)
          23    0.177557    0.555401  (      20    1360    2178    2647)
          24    0.177577    0.599261  (     826     276    1439    2196)
          25    0.178030    0.523889  (     826      37    1439    3010)
          26    0.178458    0.471142  (      37    1439    2061    2405)
          27    0.178458    0.471142  (      37    1439    2061    2405)
          28    0.178592    0.548312  (      19    1360    2647    2875)
          29    0.178795    0.494541  (     826      20    1107    2093)
          30    0.178881    0.635890  (     826     321    1439    2138)
          31    0.178881    0.635890  (     826    1439     321    2138)
          32    0.179037    0.511896  (     826    1107     149    2915)
          33    0.179037    0.511896  (     826     149    1107    2915)
          34    0.179144    0.532708  (      19    1360    2851    2647)
          35    0.179148    0.532297  (     733      20    1107    2015)
          36    0.179237    0.536320  (     733      19    1107    2015)
          37    0.179343    0.603354  (      19    1360    2003    2647)
          38    0.179499    0.575906  (     826      37    1439    3808)
          39    0.179516    0.556477  (     826     276    1439    3002)
          40    0.179523    0.629687  (      20    1360    2003    2647)
          41    0.179594    0.490232  (      37    1439    2013    2061)
          42    0.179683    0.544021  (     826      19    1107    2015)
          43    0.179718    0.604872  (     826     317    1439    2196)
          44    0.179726    0.515557  (     826     174    1107    2915)
          45    0.179737    0.470920  (      37    1439    1273    2061)
          46    0.179799    0.539828  (      20    1360    2591    2647)
          47    0.179818    0.557221  (     826      19    1439    1194)
          48    0.179861    0.602861  (     826     338    1439    2196)
          49    0.179918    0.450918  (     733      19    1107    2915)
          50    0.179977    0.669983  (     826    1439     126    2196)
          51    0.180122    0.470860  (      37    1439    2061    2003)
          52    0.180124    0.527969  (      37    1439    2061    2886)
          53    0.180476    0.565583  (     826     242    1439    3002)
          54    0.180710    0.481077  (      37    1439     226    2061)
          55    0.180710    0.481077  (     226      37    1439    2061)
          56    0.180750    0.586348  (     826      19    1439    2976)
          57    0.180750    0.586348  (     826      19    1439    2976)
          58    0.180812    0.669868  (     826    1439     136    2196)
          59    0.180886    0.656388  (      19    1862    2119    2647)
          60    0.181009    0.555735  (      20    1360    2647    2875)
          61    0.181044    0.642672  (     826    1439    2138     149)
          62    0.181044    0.642672  (     826    1439     149    2138)
          63    0.181243    0.581483  (     826      19    1439    1050)
          64    0.181246    0.506963  (      37    1439    2061    2066)
          65    0.181300    0.618759  (     826      19    1439    2138)
          66    0.181308    0.478479  (     826      19    1370    2915)
          67    0.181311    0.469478  (      37    1439    2116    2061)
          68    0.181335    0.531921  (      20    1360    2851    2647)
          69    0.181366    0.471824  (      37    1439    2061    2614)
          70    0.181401    0.455436  (     733      20    1107    2915)
          71    0.181418    0.451610  (      37    1439    2061    2579)
          72    0.181426    0.647952  (     826      19    1453    1360)
          73    0.181432    0.485982  (      37    1439    2061    2014)
          74    0.181475    0.649935  (     826      19    1338    1360)
          75    0.181503    0.445538  (      37    1439    2061    2429)
          76    0.181652    0.605041  (     826    1439    2976     149)
          77    0.181652    0.605041  (     826    1439     149    2976)
          78    0.181652    0.605041  (     826    1439     149    2976)
          79    0.181652    0.605041  (     826    1439     149    2976)
          80    0.181663    0.596807  (     826      19    1439    1015)
          81    0.181689    0.643788  (     826    1439     174    2138)
          82    0.181701    0.449357  (      37    1439    2061    2641)
          83    0.181712    0.633134  (     826     229    1439    2138)
          84    0.181712    0.633134  (     826    1439     229    2138)
          85    0.181762    0.591277  (     826      37    1439    3934)
          86    0.181868    0.460659  (      37    1439    1093    2061)
          87    0.181876    0.499059  (      19    1291    2184    2647)
          88    0.181909    0.684673  (     826    1439     374    2196)
          89    0.181909    0.684673  (     826     374    1439    2196)
          90    0.181910    0.682523  (      20    1862    2119    2647)
          91    0.181926    0.686476  (      19    1862    2184    2647)
          92    0.181938    0.470028  (      37    1439    2061    2633)
          93    0.181963    0.663953  (     826     557    1439    2196)
          94    0.181964    0.637904  (     826     229    1286    2164)
          95    0.181964    0.637904  (     826    1286     229    2164)
          96    0.181993    0.551334  (      19    1360    2866    2647)
          97    0.182012    0.686659  (     826     149    1107    2093)
          98    0.182012    0.686659  (     826    1107    2093     149)
          99    0.182038    0.524237  (      20    1360    2750    2591)
         100    0.182145    0.607198  (     826    1439     174    2976)
