        Rank        RMSE       MaxAE  Feature_ID
           1    0.190062    0.438996  (      37    1439    2061)
           2    0.197119    0.540164  (     826      37    1439)
           3    0.202485    0.562002  (     826     276    1439)
           4    0.203309    0.514665  (     826      19    1107)
           5    0.203829    0.577484  (      19    1228    2096)
           6    0.204106    0.637669  (      37    1439    2066)
           7    0.204157    0.569030  (     826      20    1370)
           8    0.204446    0.567964  (      19    1196    2096)
           9    0.204621    0.558317  (     826     242    1439)
          10    0.204625    0.570692  (     826      19    1370)
          11    0.205045    0.551419  (      19    1159    2096)
          12    0.205176    0.661756  (      19    1350    1059)
          13    0.205186    0.577659  (      19    1296    2096)
          14    0.205326    0.511953  (     826      20    1107)
          15    0.205633    0.558458  (     826     338    1439)
          16    0.205774    0.638880  (      19    1350    1625)
          17    0.205958    0.594244  (     826     149    1107)
          18    0.205958    0.594244  (     826    1107     149)
          19    0.206073    0.585340  (      19    1255    2096)
          20    0.206079    0.697098  (      19    1059    1439)
          21    0.206159    0.671476  (      20    1350    1625)
          22    0.206207    0.544767  (      19    1167    2096)
          23    0.206220    0.613465  (      19    2112    1625)
          24    0.206390    0.504866  (     733      20    1107)
          25    0.206534    0.732831  (      20    1439    1194)
          26    0.206587    0.542984  (      19    1168    2096)
          27    0.206860    0.697140  (      20    1350    1194)
          28    0.206917    0.643419  (      19    1482    1446)
          29    0.206922    0.648310  (      20    2112    1625)
          30    0.206928    0.647554  (      19    1350    1199)
          31    0.206956    0.599097  (     826     174    1107)
          32    0.206996    0.662222  (      19    1350    1194)
          33    0.207035    0.697284  (      19    1439    1194)
          34    0.207053    0.682718  (      20    1350    1199)
          35    0.207099    0.507870  (     733      19    1107)
          36    0.207110    0.656819  (      19    1059    1482)
          37    0.207147    0.662559  (      19    1338    1484)
          38    0.207343    0.638412  (      44     255    1370)
          39    0.207356    0.534003  (     564      37    1439)
          40    0.207432    0.709479  (      20    1439    1625)
          41    0.207452    0.673543  (      19    1439    1625)
          42    0.207483    0.645457  (      19    1194    2112)
          43    0.207533    0.669187  (      19    1482    1159)
          44    0.207549    0.680206  (      20    1194    2112)
          45    0.207561    0.676331  (      19    1482    1484)
          46    0.207571    0.664743  (      19    1482    1167)
          47    0.207600    0.647221  (      19    1194    2015)
          48    0.207625    0.663539  (      19    1482    1168)
          49    0.207703    0.711660  (      19    1016    2015)
          50    0.207834    0.665588  (      19    1350    1168)
          51    0.207858    0.666662  (      19    1350    1167)
          52    0.207880    0.680497  (      20    1194    2015)
          53    0.207889    0.628226  (      19    1199    2015)
          54    0.207919    0.692700  (      19    1194    2004)
          55    0.208011    0.660686  (      19    1482    1195)
          56    0.208024    0.537655  (      19    1195    2096)
          57    0.208027    0.663067  (      19    1350    1195)
          58    0.208069    0.637653  (      44     236    1370)
          59    0.208081    0.670659  (      19    1350    1159)
          60    0.208116    0.646502  (      19    1446    1370)
          61    0.208139    0.558625  (     826     317    1439)
          62    0.208173    0.613391  (      20    1228    2096)
          63    0.208212    0.627047  (      19    1199    2112)
          64    0.208240    0.534001  (     561      37    1439)
          65    0.208305    0.644752  (      19    1350    1446)
          66    0.208386    0.685996  (      19    1370    1196)
          67    0.208492    0.661640  (      20    1199    2015)
          68    0.208494    0.639953  (      19    1059    2112)
          69    0.208545    0.677022  (      19    1350    1484)
          70    0.208562    0.660092  (      44     136    1370)
          71    0.208579    0.661965  (      20    1199    2112)
          72    0.208580    0.671609  (      19    1370    1159)
          73    0.208581    0.725545  (      20    1194    2004)
          74    0.208673    0.730109  (      20    1350    1050)
          75    0.208677    0.638569  (      19    1482    1625)
          76    0.208762    0.693803  (      19    1107    1196)
          77    0.208784    0.708694  (      19    1255    1107)
          78    0.208850    0.614608  (      19    1199    2017)
          79    0.208859    0.583959  (      19    2166    1625)
          80    0.208920    0.665324  (      20    1482    1625)
          81    0.208946    0.671108  (      19    1199    2004)
          82    0.208968    0.694691  (      19    1350    1050)
          83    0.208969    0.681636  (      19    1482    1196)
          84    0.209024    0.692879  (      20    1446    1370)
          85    0.209034    0.660289  (      19    1453    1484)
          86    0.209067    0.730797  (      20    1370    1196)
          87    0.209094    0.700052  (      20    1350    1059)
          88    0.209172    0.685040  (      19    1338    1059)
          89    0.209172    0.534114  (     563      37    1439)
          90    0.209180    0.666554  (      19    1370    1167)
          91    0.209184    0.603232  (      20    1196    2096)
          92    0.209187    0.691385  (      20    1482    1194)
          93    0.209230    0.612144  (      20    2166    1625)
          94    0.209256    0.700950  (      19    1370    1255)
          95    0.209291    0.679049  (      19    1338    1446)
          96    0.209301    0.714980  (      20    1439    1199)
          97    0.209360    0.481467  (      19    1134    2061)
          98    0.209373    0.665207  (      19    1370    1168)
          99    0.209387    0.604291  (      44     255    1107)
         100    0.209397    0.676836  (      20    1482    1199)
