        Rank        RMSE       MaxAE  Feature_ID
           1    0.233142    0.748353  (      20    1050)
           2    0.233237    0.715767  (      37    1439)
           3    0.233920    0.723330  (      19    1050)
           4    0.238359    0.606272  (      19    1016)
           5    0.238468    0.705196  (      20    1077)
           6    0.238499    0.683902  (      20    1194)
           7    0.238925    0.679973  (      19    1077)
           8    0.239082    0.659375  (      19    1194)
           9    0.239321    0.655380  (      19    1060)
          10    0.239349    0.642591  (      20    1016)
          11    0.239604    0.768560  (      19    1015)
          12    0.241466    0.670620  (      20    1199)
          13    0.241469    0.795238  (      20    1015)
          14    0.241737    0.645825  (      19    1199)
          15    0.242153    0.654203  (      19    1059)
          16    0.242440    0.593996  (      19    1049)
          17    0.244058    0.691235  (      20    1060)
          18    0.244319    0.671052  (    1059     149)
          19    0.244626    0.892874  (      19    1286)
          20    0.244648    0.605652  (      19    1134)
          21    0.245360    0.706881  (      19    1093)
          22    0.245545    0.777466  (      20    1107)
          23    0.246088    0.883532  (      19    1309)
          24    0.246092    0.795781  (      19    1141)
          25    0.246308    0.920782  (      20    1286)
          26    0.246556    0.681884  (      20    1059)
          27    0.246705    0.643480  (      20    1134)
          28    0.246730    0.744110  (      20    1093)
          29    0.246823    0.626838  (      19    1103)
          30    0.246851    0.738680  (      19    1107)
          31    0.246957    0.662497  (    1059     174)
          32    0.247291    0.591248  (      20    1049)
          33    0.247561    0.626489  (     174    1484)
          34    0.247586    0.823312  (      20    1141)
          35    0.247643    0.911486  (      20    1309)
          36    0.247767    0.630088  (      19    1291)
          37    0.247946    0.650413  (     174    1195)
          38    0.248049    0.719773  (      19    1126)
          39    0.248060    0.818895  (      19    1131)
          40    0.248300    0.653419  (     174    1168)
          41    0.248499    0.587942  (      19    1484)
          42    0.248768    0.655576  (     174    1167)
          43    0.248874    0.816891  (      19    1338)
          44    0.248927    0.813744  (      20    1131)
          45    0.249043    0.625546  (      19    1148)
          46    0.249130    0.622522  (      20    1103)
          47    0.249142    0.625549  (      20    1291)
          48    0.249266    0.812054  (      20    1338)
          49    0.249327    0.609187  (      19    1159)
          50    0.249590    0.746717  (      20    1126)
          51    0.249593    0.603993  (      19    1167)
          52    0.249603    0.698331  (      20    1360)
          53    0.249678    0.602399  (      19    1168)
          54    0.250053    0.644622  (      19    1327)
          55    0.250193    0.680412  (      20    1327)
          56    0.250277    0.673379  (      19    1360)
          57    0.250376    0.672688  (     174    1049)
          58    0.250725    0.662726  (     174    1159)
          59    0.250752    0.600615  (      19    1195)
          60    0.250929    0.624673  (      19    1196)
          61    0.251055    0.743946  (      19    1489)
          62    0.251207    0.728991  (      19    1273)
          63    0.251277    0.619857  (     149    1484)
          64    0.251465    0.673131  (     229    1225)
          65    0.251465    0.673131  (     229    1225)
          66    0.251762    0.817072  (      19    1453)
          67    0.252189    0.812230  (      20    1453)
          68    0.252269    0.638461  (    1446     174)
          69    0.252281    0.766944  (      20    1273)
          70    0.252287    0.601681  (      19    1231)
          71    0.252328    0.646424  (     149    1195)
          72    0.252650    0.645283  (      19    1225)
          73    0.252675    0.646008  (      19    1228)
          74    0.252787    0.762234  (      20    1370)
          75    0.252798    0.649434  (     149    1168)
          76    0.252886    0.634015  (      19    1255)
          77    0.253274    0.723720  (      19    1247)
          78    0.253306    0.651581  (     149    1167)
          79    0.253370    0.652990  (     174    1231)
          80    0.253420    0.632273  (      19    1431)
          81    0.253477    0.592237  (      19    1446)
          82    0.253506    0.668149  (      20    1431)
          83    0.253686    0.781702  (      19    1261)
          84    0.253866    0.664708  (     149    1049)
          85    0.254218    0.636498  (      19    1278)
          86    0.254341    0.730322  (      20    1476)
          87    0.254355    0.625627  (      19    1284)
          88    0.254359    0.622758  (      20    1148)
          89    0.254448    0.660512  (      19    1486)
          90    0.254451    0.598664  (      20    1484)
          91    0.254587    0.644754  (      19    1296)
          92    0.254687    0.704021  (      19    1428)
          93    0.254762    0.772687  (      20    1489)
          94    0.254768    0.684327  (     174    1148)
          95    0.254939    0.689340  (      19    1447)
          96    0.254954    0.750657  (      20    1247)
          97    0.254988    0.808571  (      19    1412)
          98    0.255046    0.606909  (      20    1159)
          99    0.255227    0.681643  (      20    1724)
         100    0.255284    0.673109  (      37    1443)
