Model_ID, [(c_i,i=0,n)_j,j=1,ntask]
           1   -0.2166845173E+01   -0.6442553127E+00    0.1543792457E+02
           2   -0.1830700744E+00   -0.3034146528E+01   -0.1901773861E+01
           3   -0.1955032072E+01   -0.6082287696E+00    0.1537994989E+02
           4   -0.1220471844E+00   -0.6312018032E+00   -0.6589383063E+00
           5    0.7929754115E+00   -0.6516484686E+00   -0.1399526684E+00
           6   -0.4161304053E+01   -0.6363820386E+00    0.2713538031E+02
           7    0.9970245741E+00   -0.6151948802E+00   -0.1395297081E+00
           8   -0.3946086861E+01   -0.6008241097E+00    0.2704540021E+02
           9    0.2920252038E+01   -0.6705661292E+00   -0.2950646092E+00
          10   -0.3361305788E+00   -0.6685503841E+00   -0.6580777685E+00
          11   -0.2007034601E+01   -0.6420366277E+00    0.2269461872E+02
          12    0.2846492489E+01   -0.6415440962E+00   -0.4524858698E+00
          13   -0.2217833612E+01   -0.6799226852E+00    0.2260101768E+02
          14    0.3042947204E+01   -0.6056841207E+00   -0.4513588380E+00
          15   -0.1769878356E+01   -0.6300441605E+00   -0.5572443437E+00
          16    0.8089142121E+00   -0.6358221922E+00   -0.3563334477E+00
          17    0.2646976383E+01   -0.7094493619E+00   -0.2909759074E+00
          18   -0.1955704105E+01   -0.6561752941E+00   -0.9750581458E-01
          19   -0.2226564099E+01   -0.6838605822E+00    0.1219256170E+02
          20   -0.1018854403E+01   -0.6685560888E+00    0.4991247614E+00
          21    0.9244719450E+00   -0.6562524097E+00   -0.4525019352E-01
          22   -0.1840148506E+01   -0.6769698988E+00   -0.6906075284E+01
          23   -0.2209778057E+01   -0.6830523356E+00    0.1219406077E+02
          24    0.3804778291E+01   -0.6650506491E+00   -0.3065110313E+01
          25   -0.2450926559E+01   -0.7240790454E+00    0.1214378653E+02
          26   -0.1966376517E+01   -0.6670949356E+00   -0.5503533244E+00
          27   -0.1242108958E+01   -0.7078544314E+00    0.4965150014E+00
          28    0.6984669878E+00   -0.6949917066E+00   -0.4512252523E-01
          29    0.9395216118E+00   -0.6450996462E+00   -0.8697598599E-01
          30   -0.1616328867E+01   -0.6389505360E+00   -0.6863438640E+01
          31   -0.1946639332E+01   -0.6565838780E+00   -0.9802986399E-01
          32    0.5765418228E+00   -0.6731073380E+00   -0.3513431756E+00
          33    0.4453751231E+01   -0.9279125671E-01   -0.8063026310E+00
          34    0.3565562696E+01   -0.7042626311E+00   -0.3054944471E+01
          35   -0.2434627439E+01   -0.7232545191E+00    0.1214997176E+02
          36    0.1155967556E+01   -0.6124357514E+00   -0.2567930790E+00
          37    0.4761025238E+01   -0.9870417888E-01   -0.6834678009E+01
          38    0.7527465619E+00   -0.6445203879E+00   -0.8132695820E-01
          39   -0.7890117410E+00   -0.6390229352E+00    0.6872799427E+01
          40   -0.1915198097E+01   -0.9869695844E-01   -0.5443189072E+01
          41    0.3622990412E+01   -0.6014137548E+00   -0.6772641500E+00
          42   -0.1878765336E+01   -0.9869916802E-01   -0.5231804624E+01
          43   -0.7817732486E+00   -0.6102593639E+00    0.2805848444E+01
          44   -0.1004967485E+01   -0.6768350491E+00    0.6865126060E+01
          45   -0.1775013199E+01   -0.6383107687E+00   -0.5234289534E+01
          46    0.7128744145E+00   -0.6830964187E+00   -0.8644931353E-01
          47    0.9443616650E+00   -0.6486899928E+00   -0.2560938290E+00
          48   -0.9885591488E+00   -0.6463943609E+00    0.2807227084E+01
          49   -0.4863671910E+01   -0.6334878418E+00    0.3314907517E+01
          50    0.5304490802E+00   -0.6825743162E+00   -0.8104488942E-01
          51   -0.1685477491E+01   -0.6332833978E+00   -0.4346121990E+01
          52    0.9081730481E+00   -0.6479987174E+00   -0.2119494588E+01
          53   -0.1713877665E+01   -0.6332266791E+00   -0.4515452397E+01
          54   -0.4694459894E+00   -0.6139544625E+00   -0.4086562079E+00
          55   -0.6773806514E+00   -0.6503144309E+00   -0.4092021156E+00
          56    0.1109139974E+01   -0.6117648774E+00   -0.2110960074E+01
          57    0.1084983765E+01   -0.9904117769E-01   -0.4175147023E+00
          58   -0.5674704483E+01   -0.9870325701E-01    0.3968368167E+01
          59    0.3805147203E+01   -0.6331569422E+00   -0.5643948945E+01
          60    0.1497347236E+02   -0.6341860071E+00   -0.1610286460E+02
          61   -0.2113120208E+01   -0.6831299909E+00    0.9645770156E+02
          62    0.8099722914E-01   -0.6658625226E+00   -0.3039613441E-03
          63    0.4374566672E+01   -0.9228175153E-01   -0.7944172030E+00
          64    0.1328292639E+01   -0.2465959526E+00   -0.2710123949E-01
          65    0.1328292639E+01   -0.2465959526E+00   -0.2710123949E-01
          66   -0.7860935125E+00   -0.6100006478E+00    0.2765872934E+01
          67   -0.9927458982E+00   -0.6461197322E+00    0.2766890726E+01
          68   -0.1784405268E+01   -0.1927383159E+01   -0.9521337081E-01
          69   -0.1454939812E+00   -0.7051944940E+00   -0.3033552845E-03
          70    0.6715790839E+00   -0.6350314769E+00   -0.8560375302E+00
          71    0.4663121478E+01   -0.9806836267E-01   -0.6715893459E+01
          72    0.8123503000E+00   -0.6464616688E+00   -0.2191772833E-01
          73   -0.1699247070E+01   -0.6498713045E+00   -0.1129790153E+02
          74   -0.1832180500E+01   -0.6898625871E+00   -0.2706073736E+01
          75   -0.1896544450E+01   -0.9805945746E-01   -0.5346802967E+01
          76   -0.8902543063E+00   -0.6347679573E+00    0.1301934349E+02
          77    0.8893940026E+00   -0.6436991023E+00   -0.1280935945E+01
          78   -0.1860511533E+01   -0.9806090860E-01   -0.5138322096E+01
          79    0.9581909075E+00   -0.9899222546E-01   -0.1029325244E+01
          80   -0.4848942524E+00   -0.6150469565E+00   -0.4017139355E+00
          81   -0.1606728487E+01   -0.6146835030E+00   -0.1602461179E+01
          82   -0.6932290546E+00   -0.6514730344E+00   -0.4023360762E+00
          83    0.7588801066E+00   -0.6399396358E+00   -0.3314287098E+00
          84    0.1053436272E+01   -0.9841178184E-01   -0.4110334114E+00
          85   -0.1803484264E+01   -0.6498780400E+00   -0.8734684602E+00
          86    0.5605949579E+00   -0.6736748161E+00   -0.3033874343E+00
          87    0.6811557741E+00   -0.6406578770E+00    0.1711273589E+00
          88   -0.1968345477E+01   -0.6756576375E+00   -0.5146245700E+01
          89    0.6797788914E+00   -0.6749746917E+00   -0.5039525283E-01
          90    0.3347565492E+01   -0.6371566126E+00   -0.6652033072E+00
          91   -0.1683721113E+01   -0.6501742223E+00   -0.1101685306E+02
          92   -0.1926123847E+01   -0.6708441775E+00    0.2584372179E+03
          93   -0.2324055641E+01   -0.7227467596E+00    0.9529070170E+02
          94   -0.1960616994E+01   -0.9952830859E-01   -0.6206645865E+01
          95   -0.4367183712E+01   -0.6708936660E+00    0.2193781109E+02
          96    0.6658928590E+00   -0.6816875617E+00   -0.1275529336E+01
          97   -0.1946476496E+01   -0.6687919210E+00    0.3122393248E+02
          98   -0.4997344581E+01   -0.6705968188E+00    0.3254626184E+01
          99    0.4333407526E+00   -0.7208276164E+00   -0.3723135042E+00
         100    0.1550862425E+01   -0.2869356228E+01   -0.4062747635E+00
