Model_ID, [(c_i,i=0,n)_j,j=1,ntask]
           1   -0.5815422645E+00   -0.6448134677E+00
           2   -0.7998806418E+00   -0.6830014556E+00
           3    0.1137306859E+02   -0.7907841919E+01
           4    0.1515990420E+01   -0.3395170926E+01
           5    0.5957813275E+01   -0.4717421871E+01
           6   -0.2073107017E+00   -0.2980960278E+01
           7    0.2928510609E+00    0.1246147103E+01
           8   -0.2456143944E+00    0.2865252788E+01
           9    0.6077471067E+01   -0.4913349277E+01
          10    0.5695811102E+01   -0.1787071931E+02
          11    0.1466506475E+01   -0.1803403006E-03
          12    0.6013980183E+01   -0.3300547520E+01
          13    0.6010468376E+01   -0.3307222308E+01
          14    0.1847473963E+01   -0.1108607716E+01
          15    0.4989558470E+00    0.2142782042E+01
          16    0.6047787290E+01   -0.2387464524E+01
          17    0.6056412514E+01   -0.3102988279E+01
          18    0.5914998067E+01   -0.6244739954E+01
          19    0.6086854802E+01   -0.4186622806E+01
          20    0.6338147189E+01   -0.4688768378E+01
          21   -0.3552394941E+00   -0.2423774401E+00
          22    0.5784239676E+00   -0.3823845743E-02
          23   -0.1090603531E+00   -0.6538248203E+00
          24    0.5823549426E+00   -0.3848520058E-02
          25    0.1960650483E+01   -0.3178364799E+01
          26    0.1960650483E+01   -0.3178364799E+01
          27    0.1960650483E+01   -0.3178364799E+01
          28   -0.2374992463E+01    0.3050297460E+01
          29    0.5990939602E+01   -0.1353924341E+01
          30   -0.1014533949E+00   -0.6576122946E+00
          31   -0.5787439563E+00   -0.3447494994E+01
          32   -0.1165998030E+01   -0.7563592778E+01
          33    0.5999616503E+01   -0.4746940757E+01
          34    0.5905064571E+01   -0.6283327319E+01
          35    0.6074248372E+01   -0.1717733524E+01
          36   -0.3451092294E+00   -0.4567742011E+00
          37   -0.4348401036E+00   -0.4581045331E+00
          38   -0.3748145893E+00    0.2701603353E+00
          39   -0.8283982488E+00   -0.8386074356E+00
          40   -0.3367870165E+00   -0.4594386049E+00
          41    0.1309826535E+01    0.3571837611E+01
          42    0.6070466163E+01   -0.1721097508E+01
          43    0.6053710262E+01   -0.1185675187E+01
          44    0.5340499977E-01   -0.1229650523E+00
          45    0.1300787085E+01    0.3576151777E+01
          46    0.6011354185E+01   -0.1821548514E+01
          47    0.1562343339E+00    0.1107721074E+01
          48    0.5945348987E+01   -0.2348675090E+01
          49    0.5662725771E+01   -0.1698327249E+01
          50   -0.4040113170E+00   -0.1641725665E+00
          51   -0.4019895087E+00   -0.1644143459E+00
          52    0.1199723421E+01    0.3658083966E+01
          53   -0.6132020045E+00   -0.1691740029E+00
          54   -0.1177393591E+01   -0.6582956260E+00
          55    0.1005778084E+02   -0.1561385951E+02
          56   -0.4143089126E-01   -0.7931770180E+00
          57    0.1226564843E+01    0.4394208933E+00
          58    0.1224986413E+01    0.4362004130E+00
          59    0.1228362033E+01    0.4425693519E+00
          60    0.4680472994E+01   -0.7825351504E+01
          61    0.1303117561E+01    0.1275042683E+00
          62    0.2021354827E-01    0.1138374684E+01
          63    0.1128276716E+01    0.1543243790E-02
          64    0.1853580704E+01    0.4337456413E+01
          65    0.4899465394E+00    0.2086023455E+01
          66    0.1837799193E+01    0.3638484894E+01
          67    0.4241513866E+00    0.1221191546E+01
          68    0.2488498189E+00    0.2693399221E+01
          69    0.1081960421E+02   -0.1070057675E+02
          70    0.7982011069E+01   -0.2105399323E+01
          71    0.4232444314E+00    0.1218138075E+01
          72    0.3686276534E+00    0.1617474525E+01
          73    0.4894857436E+00    0.2080307853E+01
          74    0.2479257285E+00    0.2686539239E+01
          75    0.3247747122E+00    0.1255443116E+01
          76    0.1686770386E+01    0.3532731493E+01
          77    0.1810435856E+01    0.3086842635E+01
          78    0.3765559379E+00    0.8605673087E+00
          79    0.1829247156E+01    0.4009617650E+01
          80    0.2087269681E+00    0.3033010937E+01
          81    0.5958914612E+01   -0.1973288423E+02
          82    0.6709097412E+01   -0.1002434577E+02
          83   -0.7652309593E+00   -0.2969016379E+00
          84    0.7948859091E+01   -0.2105412928E+01
          85    0.7002877778E+01   -0.2770904418E+02
          86   -0.7623719461E+00   -0.2983219171E+00
          87    0.3890630956E+00    0.4317430146E+01
          88    0.1442109768E+01    0.4490982945E+01
          89   -0.1035156392E+01   -0.3097234835E+00
          90   -0.9144349407E+00   -0.2671570836E+00
          91    0.2350259386E+01    0.2669381082E+01
          92    0.1717058875E+01    0.3596226276E+01
          93   -0.4909408092E+00   -0.1449893886E+00
          94   -0.1982606155E+01    0.1189742328E+01
          95    0.2978231467E-01   -0.1986936982E+01
          96    0.6570802748E+01   -0.1379236323E+02
          97    0.3560397333E-01   -0.1999657634E+01
          98   -0.1995200064E+01    0.1182473973E+01
          99    0.7698758231E+01   -0.5688660198E+00
         100   -0.4180011502E+01    0.6224752944E+01
