     Index       y_measurement           y_fitting        descriptor_1        descriptor_2        descriptor_3
         1    0.1436000000E+01    0.1232375226E+01   -0.4923972049E+01   -0.1458688945E+00    0.1101326785E+03
         2    0.1038000000E+01    0.1049112522E+01   -0.4886161432E+01   -0.5123824224E+00    0.2719455707E+02
         3    0.1419000000E+01    0.1411230162E+01   -0.5070987435E+01   -0.1767740854E-01    0.3514871227E+02
         4    0.9540000000E+00    0.9930374089E+00   -0.5198331640E+01   -0.3085641236E+00    0.4372386523E+02
         5    0.1306000000E+01    0.1402818731E+01   -0.3999657967E+01   -0.5936186716E+00    0.1377167209E+03
         6    0.4719000000E+01    0.4605320767E+01   -0.1022329357E+01    0.1525013136E+00    0.5154032895E+02
         7    0.1402000000E+01    0.1401603434E+01   -0.5069007685E+01   -0.3023282354E-01    0.3417201896E+02
         8    0.2789000000E+01    0.3044819305E+01   -0.1989069347E+01   -0.5721101855E+00    0.8711942690E+02
         9    0.1066000000E+01    0.9156943369E+00   -0.5370022440E+01   -0.3115268227E+00    0.1714200914E+02
        10    0.2933000000E+01    0.3160248123E+01   -0.2114404131E+01   -0.3533471538E+00    0.9635686681E+02
        11    0.1418000000E+01    0.1330779798E+01   -0.3688931364E+01   -0.6654382674E+00    0.2491356492E+03
        12    0.4341000000E+01    0.4214145016E+01   -0.1043286944E+01   -0.1505069212E+00    0.7962522112E+02
        13    0.3568000000E+01    0.3278193417E+01   -0.2214634642E+01   -0.3022877542E+00    0.2881000608E+02
        14    0.9660000000E+00    0.1040444844E+01   -0.4988001036E+01   -0.4643441766E+00    0.1862333564E+02
        15    0.2519000000E+01    0.2542063574E+01   -0.2922883225E+01   -0.2623157398E+00    0.1467406999E+03
        16    0.9280000000E+00    0.8971986243E+00   -0.5397640204E+01   -0.3070767941E+00    0.1827524349E+02
        17    0.4118000000E+01    0.3935524562E+01   -0.1547667409E+01   -0.1159981806E+00    0.4816066285E+02
        18    0.8180000000E+00    0.7004811777E+00   -0.5578451918E+01   -0.3712353993E+00    0.1506686573E+02
        19    0.7600000000E+00    0.9858670045E+00   -0.5088971915E+01   -0.4252636336E+00    0.2799400523E+02
        20    0.1375000000E+01    0.1198758706E+01   -0.5119735729E+01   -0.1803647029E+00    0.3778009163E+02
        21    0.3809000000E+01    0.3724376844E+01   -0.1614070276E+01   -0.2251628609E+00    0.7076703798E+02
        22    0.1464000000E+01    0.1499363672E+01   -0.3865122445E+01   -0.5837629255E+00    0.1450114614E+03
        23    0.4256000000E+01    0.4143262866E+01   -0.1535452535E+01    0.1466735948E-01    0.1836307124E+02
        24    0.1051000000E+01    0.1197612952E+01   -0.5116417105E+01   -0.1823383804E+00    0.3854227405E+02
        25    0.6890000000E+00    0.9697353105E+00   -0.5245028879E+01   -0.3378646127E+00    0.2319677541E+02
        26    0.7210000000E+00    0.8684247348E+00   -0.5176921008E+01   -0.4420315088E+00    0.4422248646E+02
        27    0.8590000000E+00    0.7781891438E+00   -0.5408931285E+01   -0.3862862471E+00    0.3158665890E+02
        28    0.1338000000E+01    0.1280992967E+01   -0.4899580077E+01   -0.1151132695E+00    0.1110739260E+03
        29    0.1202000000E+01    0.1289739695E+01   -0.4887010529E+01   -0.9981468362E-01    0.1191484848E+03
        30    0.2290000000E+01    0.1825810164E+01   -0.3842277521E+01   -0.4318866958E+00    0.7251681210E+02
        31    0.1284000000E+01    0.1239116094E+01   -0.4907433219E+01   -0.1472313112E+00    0.1122034230E+03
        32    0.6600000000E+00    0.6904302671E+00   -0.5096221244E+01   -0.3308844250E+00    0.2155606137E+03
        33    0.3319000000E+01    0.3373480138E+01   -0.2242833286E+01   -0.2153870612E+00    0.1647572222E+02
        34    0.1313000000E+01    0.1025458438E+01   -0.4887293037E+01   -0.5318688833E+00    0.2835439752E+02
        35    0.1015000000E+01    0.1204224868E+01   -0.5070020055E+01   -0.1375778321E+00    0.7482037186E+02
        36    0.9730000000E+00    0.9186084090E+00   -0.5379896644E+01   -0.3004201074E+00    0.1775645764E+02
        37    0.3798000000E+01    0.3914468434E+01   -0.1120176905E+01   -0.1341301668E+00    0.2045334789E+03
        38    0.2641000000E+01    0.2772604047E+01   -0.2320001053E+01   -0.3237618833E+00    0.2235984602E+03
        39    0.4820000000E+00    0.5111880873E+00   -0.5663427599E+01   -0.4663931507E+00    0.2745272467E+02
        40    0.3508000000E+01    0.3355642653E+01   -0.2272127529E+01   -0.2123316869E+00    0.1597773677E+02
        41    0.1132000000E+01    0.1209653689E+01   -0.5072585775E+01   -0.1297538904E+00    0.7521992822E+02
        42    0.1223000000E+01    0.9896079914E+00   -0.5228283009E+01   -0.3326442376E+00    0.2233160592E+02
        43    0.1145000000E+01    0.1004642313E+01   -0.5226111122E+01   -0.3206918952E+00    0.2190367263E+02
        44    0.4133000000E+01    0.4221671824E+01   -0.1151655947E+01    0.3117631135E-01    0.1283615304E+03
        45    0.1290000000E+01    0.1173997450E+01   -0.4830588417E+01   -0.2184198725E+00    0.1355980984E+03
        46    0.2827000000E+01    0.2913649917E+01   -0.1987943061E+01   -0.7099542989E+00    0.8119874635E+02
        47    0.1174000000E+01    0.1063270152E+01   -0.5111716725E+01   -0.2886414649E+00    0.5138062200E+02
        48    0.4073000000E+01    0.4218753365E+01   -0.1466337669E+01    0.8226609477E-01    0.4120032240E+02
        49    0.3543000000E+01    0.3790892577E+01   -0.1771344053E+01   -0.1237413643E+00    0.3273482322E+02
        50    0.3456000000E+01    0.3468899835E+01   -0.1917723995E+01   -0.3202052642E+00    0.3566416355E+02
        51    0.1121000000E+01    0.9986431944E+00   -0.5178651217E+01   -0.2389096923E+00    0.8334925130E+02
        52    0.8180000000E+00    0.8684247348E+00   -0.5176921008E+01   -0.4420315088E+00    0.4422248646E+02
        53    0.6060000000E+00    0.7112034062E+00   -0.5265777701E+01   -0.5641658068E+00    0.2610052316E+02
        54    0.2215000000E+01    0.2534958995E+01   -0.2025993128E+01   -0.9150415125E+00    0.1465003509E+03
        55    0.3506000000E+01    0.3292042370E+01   -0.1932181133E+01   -0.4820762105E+00    0.3398843749E+02
        56    0.3028000000E+01    0.2445420932E+01   -0.1890460842E+01   -0.1289772794E+01    0.4971015176E+02
        57    0.7030000000E+00    0.9248681908E+00   -0.4874420163E+01   -0.5879732366E+00    0.5323018766E+02
        58    0.8110000000E+00    0.9124105864E+00   -0.5365131592E+01   -0.3185260877E+00    0.1696908053E+02
        59    0.2522000000E+01    0.2607678095E+01   -0.2791188996E+01   -0.2469207124E+00    0.1707230615E+03
        60    0.2441000000E+01    0.2559105925E+01   -0.2896598281E+01   -0.2592874399E+00    0.1496009815E+03
        61    0.9530000000E+00    0.1137749756E+01   -0.4925904446E+01   -0.3916749135E+00    0.3094586556E+02
        62    0.1482000000E+01    0.1340482098E+01   -0.5085732110E+01   -0.1193304477E+00    0.1258597520E+02
        63    0.2635000000E+01    0.2772604047E+01   -0.2320001053E+01   -0.3237618833E+00    0.2235984602E+03
        64    0.3659000000E+01    0.3957744886E+01   -0.1047098330E+01   -0.1701593573E+00    0.1920188942E+03
        65    0.1198000000E+01    0.1438285863E+01   -0.4654467367E+01   -0.3395535821E+00    0.1092406920E+02
        66    0.1313000000E+01    0.1063270152E+01   -0.5111716725E+01   -0.2886414649E+00    0.5138062200E+02
        67    0.8460000000E+00    0.9502847069E+00   -0.5435771124E+01   -0.2491376684E+00    0.8065096382E+01
        68    0.1537000000E+01    0.1438417281E+01   -0.4997037814E+01   -0.8908133632E-01    0.1284815180E+02
        69    0.9030000000E+00    0.8032360490E+00   -0.4914455477E+01   -0.3823762580E+00    0.2011938903E+03
        70    0.1063000000E+01    0.1295062595E+01   -0.4846440928E+01   -0.3373141770E+00    0.1138247751E+02
        71    0.1063000000E+01    0.1137871613E+01   -0.5088408095E+01   -0.2987155295E+00    0.1877195335E+02
        72    0.8120000000E+00    0.1036811327E+01   -0.4888507610E+01   -0.5232437613E+00    0.2679149194E+02
        73    0.3733000000E+01    0.3770502096E+01   -0.1803127609E+01   -0.1230959972E+00    0.3134671705E+02
        74    0.1471000000E+01    0.1248914051E+01   -0.4923812032E+01   -0.1310227215E+00    0.1097091172E+03
        75    0.1082000000E+01    0.1158256466E+01   -0.5041586506E+01   -0.3279322674E+00    0.1119911419E+02
        76    0.3972000000E+01    0.3973133193E+01   -0.1485544107E+01   -0.1217260434E+00    0.4970180407E+02
        77    0.1418000000E+01    0.1559101145E+01   -0.3832207320E+01   -0.5671396006E+00    0.1365484226E+03
        78    0.1318000000E+01    0.1286151655E+01   -0.4888810821E+01   -0.1095483470E+00    0.1153095397E+03
        79    0.3793000000E+01    0.3569343404E+01   -0.2167858377E+01   -0.9993244179E-01    0.7535617214E+01
        80    0.6770000000E+00    0.8658971683E+00   -0.5400581401E+01   -0.3365389732E+00    0.1742899706E+02
        81    0.9610000000E+00    0.1020210342E+01   -0.5083580448E+01   -0.3990089020E+00    0.2664336413E+02
        82    0.3442000000E+01    0.3825507187E+01   -0.1719971325E+01   -0.1266610113E+00    0.3323140030E+02
        83    0.9490000000E+00    0.9280315383E+00   -0.5343194555E+01   -0.3203884113E+00    0.1646501200E+02
        84    0.1061000000E+01    0.9471322141E+00   -0.5077530761E+01   -0.4319299983E+00    0.4747375761E+02
        85    0.9630000000E+00    0.9918714201E+00   -0.5062763865E+01   -0.2174883105E+00    0.1395538594E+03
        86    0.4052000000E+01    0.3930521354E+01   -0.1105349071E+01   -0.1875591565E+00    0.1751947759E+03
        87    0.2584000000E+01    0.2564166807E+01   -0.2850528088E+01   -0.2804738198E+00    0.1532038363E+03
        88    0.2421000000E+01    0.2542544341E+01   -0.2014715359E+01   -0.9187938621E+00    0.1450445638E+03
        89    0.3658000000E+01    0.3486779449E+01   -0.2213191310E+01   -0.3851655272E-01    0.6191002988E+02
        90    0.7510000000E+00    0.1030088645E+01   -0.4879467862E+01   -0.5291842053E+00    0.3032036822E+02
        91    0.3594000000E+01    0.3362165194E+01   -0.2264198325E+01   -0.2123316869E+00    0.1571270722E+02
        92    0.1423000000E+01    0.1283703001E+01   -0.5033196788E+01   -0.1900580592E+00    0.2335464816E+02
        93    0.1443000000E+01    0.1214014332E+01   -0.3804987793E+01   -0.6454182012E+00    0.2734007928E+03
        94    0.1305000000E+01    0.1263257108E+01   -0.4909153473E+01   -0.1266848388E+00    0.1103074816E+03
        95    0.1031000000E+01    0.1118937492E+01   -0.4760657311E+01   -0.5359489355E+00    0.2721923452E+02
        96    0.1288000000E+01    0.1313644156E+01   -0.4987444647E+01   -0.1950146585E+00    0.2303449266E+02
        97    0.9820000000E+00    0.1124043489E+01   -0.5163241340E+01   -0.2229068853E+00    0.3653061224E+02
        98    0.1070000000E+01    0.1139419447E+01   -0.5158811253E+01   -0.2105152918E+00    0.3698042482E+02
        99    0.6880000000E+00    0.8338983821E+00   -0.5216171608E+01   -0.3542269384E+00    0.9095800908E+02
       100    0.1169000000E+01    0.1217525747E+01   -0.5062776765E+01   -0.1254596553E+00    0.7715570987E+02
       101    0.8290000000E+00    0.8789927043E+00   -0.5419904634E+01   -0.3070767941E+00    0.1896695796E+02
       102    0.9670000000E+00    0.9894305242E+00   -0.5068634118E+01   -0.2193543246E+00    0.1376555840E+03
       103    0.1447000000E+01    0.1295309712E+01   -0.4992438598E+01   -0.2094763392E+00    0.2276166449E+02
       104    0.1183000000E+01    0.1191885556E+01   -0.5075373313E+01   -0.1459362396E+00    0.7460681588E+02
       105    0.1260000000E+01    0.1025154585E+01   -0.4648417338E+01   -0.3683856508E+00    0.1978830896E+03
       106    0.9210000000E+00    0.1013167003E+01   -0.5213047584E+01   -0.3219217787E+00    0.2191762698E+02
       107    0.2953000000E+01    0.3030045041E+01   -0.2045333507E+01   -0.5557067714E+00    0.8208243001E+02
       108    0.3511000000E+01    0.3458727154E+01   -0.2084492119E+01   -0.2521628551E+00    0.1432341220E+02
       109    0.1529000000E+01    0.1603903405E+01   -0.3806574402E+01   -0.5328553632E+00    0.1415635567E+03
       110    0.1439000000E+01    0.1491233122E+01   -0.3855187460E+01   -0.5807375735E+00    0.1540728967E+03
       111    0.1229000000E+01    0.1022702577E+01   -0.3986914515E+01   -0.5713706997E+00    0.3369764821E+03
       112    0.3664000000E+01    0.3486779449E+01   -0.2213191310E+01   -0.3851655272E-01    0.6191002988E+02
       113    0.3624000000E+01    0.3724376844E+01   -0.1614070276E+01   -0.2251628609E+00    0.7076703798E+02
       114    0.3368000000E+01    0.3321569816E+01   -0.2107417692E+01   -0.3410639332E+00    0.2726747033E+02
       115    0.1228000000E+01    0.1160381441E+01   -0.4898938931E+01   -0.3916749135E+00    0.2982748364E+02
       116    0.1025000000E+01    0.9205880778E+00   -0.5362861831E+01   -0.3124275017E+00    0.1692860787E+02
       117    0.1472000000E+01    0.1421376378E+01   -0.4831889630E+01   -0.2394732480E+00    0.5141259516E+01
       118    0.1198000000E+01    0.1195847334E+01   -0.5076872969E+01   -0.1388487404E+00    0.7572970701E+02
       119    0.1067000000E+01    0.9004991758E+00   -0.5364585020E+01   -0.3305901790E+00    0.1682190724E+02
       120    0.1081000000E+01    0.1017905230E+01   -0.5084062316E+01   -0.4015118749E+00    0.2631630305E+02
       121    0.1198000000E+01    0.1306413626E+01   -0.4853511467E+01   -0.3221631728E+00    0.1098784775E+02
       122    0.1029000000E+01    0.1132303822E+01   -0.5186125043E+01   -0.1965511139E+00    0.3753852561E+02
       123    0.3474000000E+01    0.3533250482E+01   -0.1854317620E+01   -0.1656260698E+00    0.1057284455E+03
       124    0.4052000000E+01    0.3993581882E+01   -0.1450036759E+01   -0.1259464871E+00    0.5060973726E+02
       125    0.1010000000E+01    0.1203765230E+01   -0.5076159052E+01   -0.1339535609E+00    0.7464126039E+02
       126    0.9360000000E+00    0.7945868147E+00   -0.5394936383E+01   -0.3797990597E+00    0.3203799033E+02
       127    0.9530000000E+00    0.8353997412E+00   -0.4904841335E+01   -0.3458828568E+00    0.2076003493E+03
