     Index       y_measurement           y_fitting        descriptor_1        descriptor_2
         1    0.3320000000E+00    0.4315242944E+00   -0.3810561576E+01    0.4891510559E+01
         2   -0.7070000000E+00   -0.4063849350E+00   -0.1411357587E+01    0.4735577203E+01
         3    0.6010000000E+00    0.5372031485E+00   -0.2873825921E+01    0.5120154486E+01
         4    0.5850000000E+00    0.7142126263E+00   -0.3026012484E+01    0.5212896969E+01
         5    0.4410000000E+00    0.4404592114E+00   -0.2095340041E+01    0.5186710353E+01
         6    0.7700000000E+00    0.1313089661E+00   -0.2080030722E+01    0.4982496417E+01
         7    0.5240000000E+00    0.5512929162E+00   -0.3122898325E+01    0.5087580409E+01
         8    0.4910000000E+00    0.5428330668E+00   -0.3458436214E+01    0.5025342609E+01
         9    0.4420000000E+00    0.4466253973E+00   -0.3581269430E+01    0.4940275489E+01
        10   -0.2470000000E+00   -0.1134504391E+00   -0.1653301321E+01    0.4890728755E+01
        11    0.7740000000E+00    0.6720993908E+00   -0.3662156863E+01    0.5077459202E+01
        12   -0.4670000000E+00   -0.1642411377E+00   -0.2059651036E+01    0.4788234800E+01
        13    0.6460000000E+00    0.6676647840E+00   -0.3623747368E+01    0.5080969488E+01
        14   -0.3840000000E+00   -0.4713704927E+00   -0.1354115773E+01    0.4701759547E+01
        15    0.3510000000E+00    0.5130241919E+00   -0.3337871674E+01    0.5025732752E+01
        16    0.3540000000E+00    0.5667120187E+00   -0.3112592593E+01    0.5099632254E+01
        17    0.4600000000E+00    0.4558075280E+00   -0.2762627737E+01    0.5084458083E+01
        18    0.5800000000E-01    0.5466203806E-01   -0.2133946078E+01    0.4922134809E+01
        19    0.1900000000E-01   -0.1447851390E+00   -0.1675680934E+01    0.4865994804E+01
        20   -0.1510000000E+00   -0.4555732416E+00   -0.1488526434E+01    0.4689662058E+01
        21    0.4340000000E+00    0.5726425571E+00   -0.2921311475E+01    0.5135853377E+01
        22    0.1444000000E+01    0.1330972325E+01   -0.3920940030E+01    0.5474553187E+01
        23    0.3240000000E+00    0.2077378345E+00   -0.2543544754E+01    0.4955462484E+01
        24    0.4010000000E+00    0.4138278351E+00   -0.3057641602E+01    0.5006631556E+01
        25    0.4230000000E+00    0.3423382987E+00   -0.3150629655E+01    0.4943131314E+01
        26    0.2180000000E+00    0.2373829930E+00   -0.2026233553E+01    0.5062522341E+01
        27    0.7170000000E+00    0.7558338141E+00   -0.4000438201E+01    0.5076428983E+01
        28   -0.1400000000E-01   -0.1164681974E+00   -0.1619231844E+01    0.4894454973E+01
        29    0.3910000000E+00    0.5130241919E+00   -0.3337871674E+01    0.5025732752E+01
        30    0.2750000000E+00    0.1999858320E+00   -0.1926119210E+01    0.5054388220E+01
        31    0.7260000000E+00    0.7995209725E+00   -0.4168421053E+01    0.5077326497E+01
        32    0.3000000000E+00    0.2368122514E+00   -0.1966355662E+01    0.5072237258E+01
        33    0.1339000000E+01    0.9745178968E+00   -0.4477804233E+01    0.5142216035E+01
        34    0.6370000000E+00    0.5154732228E+00   -0.2791395374E+01    0.5119518556E+01
        35    0.4410000000E+00    0.1244946442E+00   -0.1901095571E+01    0.5008110510E+01
        36    0.7910000000E+00    0.7148354361E+00   -0.4161832960E+01    0.5021789916E+01
        37   -0.2080000000E+00   -0.2473416857E-01   -0.2112792434E+01    0.4872592407E+01
        38    0.1580000000E+00    0.3069268037E+00   -0.2001800615E+01    0.5113161196E+01
        39    0.1000000000E+00   -0.1543292474E+00   -0.1754785714E+01    0.4846271841E+01
        40    0.1105000000E+01    0.6947611686E+00   -0.3853384374E+01    0.5060372964E+01
        41    0.1890000000E+00    0.2757259969E+00   -0.2687111699E+01    0.4976732363E+01
        42    0.5090000000E+00    0.6845996552E+00   -0.4045555556E+01    0.5021171592E+01
        43   -0.6280000000E+00   -0.3330790547E+00   -0.1933473389E+01    0.4696572741E+01
        44    0.3560000000E+00    0.3965656528E+00   -0.2028215768E+01    0.5168667858E+01
        45    0.5960000000E+00    0.7415932140E+00   -0.3106561680E+01    0.5217629951E+01
        46    0.1760000000E+00    0.1886028322E+00   -0.1936540378E+01    0.5045016722E+01
        47    0.7370000000E+00    0.1015021992E+01   -0.4368020833E+01    0.5187821688E+01
        48    0.5630000000E+00    0.7064407052E+00   -0.3420000000E+01    0.5141263476E+01
        49    0.4510000000E+00    0.4466253973E+00   -0.3581269430E+01    0.4940275489E+01
        50    0.2740000000E+00    0.6707144182E+00   -0.3938109631E+01    0.5030001225E+01
        51    0.5620000000E+00    0.6936581184E+00   -0.4061384335E+01    0.5024561868E+01
        52    0.1690000000E+00    0.2486544226E+00   -0.2082215610E+01    0.5060622202E+01
        53    0.8000000000E+00    0.8689798007E+00   -0.3320606601E+01    0.5266748265E+01
        54   -0.5020000000E+00   -0.2633814682E+00   -0.1805982636E+01    0.4764692214E+01
        55   -0.1230000000E+00    0.9492889211E-01   -0.2456858436E+01    0.4894619995E+01
        56    0.1970000000E+00    0.3949487827E+00   -0.2430717300E+01    0.5099715929E+01
        57    0.2900000000E-01   -0.1090760394E-01   -0.1679813486E+01    0.4954850736E+01
        58   -0.1070000000E+00   -0.4518092090E-01   -0.1671717168E+01    0.4933289993E+01
        59    0.1740000000E+00    0.2401796615E+00   -0.2228907563E+01    0.5030217897E+01
        60    0.1103000000E+01    0.9606145574E+00   -0.3567525685E+01    0.5286408335E+01
        61    0.1239000000E+01    0.1187322893E+01   -0.3460540324E+01    0.5456097096E+01
        62   -0.2350000000E+00   -0.1516377751E-01   -0.2167684729E+01    0.4869738174E+01
        63   -0.1600000000E-01    0.1101931111E+00   -0.1843680556E+01    0.5008225393E+01
        64    0.2800000000E-01   -0.1040661776E+00   -0.1605659341E+01    0.4905039492E+01
        65    0.1810000000E+00    0.2646334347E+00   -0.2172999036E+01    0.5056002782E+01
        66    0.2700000000E-01   -0.1294669026E+00   -0.1573097222E+01    0.4893539222E+01
        67    0.2800000000E+00    0.3286936833E+00   -0.2111994421E+01    0.5109140365E+01
        68    0.1550000000E+00    0.2640937272E+00   -0.2649385908E+01    0.4975312733E+01
        69    0.5840000000E+00    0.4836886311E+00   -0.3114894932E+01    0.5043708393E+01
        70    0.7100000000E-01    0.2219665986E+00   -0.2361060546E+01    0.4995751072E+01
        71    0.7860000000E+00    0.8636561903E+00   -0.3940228069E+01    0.5158705768E+01
        72    0.7100000000E-01    0.9451974852E-01   -0.1785593870E+01    0.5007535896E+01
        73    0.4770000000E+00    0.3880081577E+00   -0.2858142857E+01    0.5023000133E+01
        74    0.7270000000E+00    0.7083457906E+00   -0.3477278526E+01    0.5132879431E+01
        75    0.6400000000E+00    0.3286254461E+00   -0.2111111111E+01    0.5109243665E+01
        76    0.9800000000E+00    0.1423368094E+01   -0.4178904762E+01    0.5492859777E+01
        77    0.4260000000E+00    0.4334920972E+00   -0.2093332424E+01    0.5182388469E+01
        78    0.6510000000E+00    0.3353883617E+00   -0.2094604481E+01    0.5116550856E+01
        79    0.1147000000E+01    0.7749846320E+00   -0.4162366701E+01    0.5061934650E+01
        80   -0.1590000000E+00    0.1395958736E+00   -0.2547293814E+01    0.4909249093E+01
        81    0.7420000000E+00    0.9627033321E+00   -0.4364054945E+01    0.5153493655E+01
        82    0.3840000000E+00    0.7520602292E+00   -0.4573925104E+01    0.4977202598E+01
        83    0.1600000000E-01    0.1074232617E+00   -0.1864114114E+01    0.5002927062E+01
        84    0.4650000000E+00    0.6808442309E+00   -0.3778823529E+01    0.5063636263E+01
        85   -0.3900000000E+00   -0.1552669367E+00   -0.1754785714E+01    0.4845644606E+01
        86    0.6320000000E+00    0.5581859647E+00   -0.2860647249E+01    0.5136412425E+01
        87    0.3170000000E+00    0.3778876397E+00   -0.2058689596E+01    0.5151035304E+01
        88    0.8000000000E-01    0.2310461590E+00   -0.2173933111E+01    0.5033378225E+01
        89    0.8420000000E+00    0.8271390103E+00   -0.3586000000E+01    0.5194009297E+01
        90    0.3470000000E+00    0.1330914267E+00   -0.2333333333E+01    0.4940976487E+01
        91    0.5420000000E+00    0.4045605732E+00   -0.2886882353E+01    0.5029226207E+01
        92    0.1011000000E+01    0.1174488684E+01   -0.4063747828E+01    0.5345798388E+01
        93    0.3050000000E+00    0.1799391699E-01   -0.2347240260E+01    0.4861640964E+01
        94    0.8430000000E+00    0.8758239321E+00   -0.3608361991E+01    0.5222804689E+01
        95    0.5380000000E+00    0.4367977870E+00   -0.3505129870E+01    0.4946540408E+01
        96    0.3600000000E-01   -0.7626663405E-02   -0.1636762966E+01    0.4964304648E+01
        97    0.3620000000E+00    0.2730959472E+00   -0.2061836577E+01    0.5080407860E+01
        98    0.7120000000E+00    0.6970817160E+00   -0.3748921484E+01    0.5079539895E+01
        99    0.1397000000E+01    0.1217512592E+01   -0.3888125894E+01    0.5404191370E+01
       100    0.1217000000E+01    0.1218588156E+01   -0.3888125894E+01    0.5404910832E+01
       101    0.9710000000E+00    0.9123745889E+00   -0.3393885968E+01    0.5283419244E+01
       102    0.9130000000E+00    0.1092038782E+01   -0.4602616822E+01    0.5199781510E+01
       103    0.8280000000E+00    0.9295062647E+00   -0.4000310078E+01    0.5192622795E+01
       104    0.3800000000E-01   -0.3407486174E+00   -0.1441887287E+01    0.4774334397E+01
       105    0.5860000000E+00    0.5743497100E+00   -0.3145437956E+01    0.5099202793E+01
       106    0.1034000000E+01    0.9205760656E+00   -0.3643772915E+01    0.5246769048E+01
       107    0.2340000000E+00    0.1333209204E+00   -0.2488613861E+01    0.4914946376E+01
       108    0.1139000000E+01    0.1042372717E+01   -0.3186039305E+01    0.5405424416E+01
       109    0.4410000000E+00    0.4550056139E+00   -0.3081085526E+01    0.5030222866E+01
       110    0.9540000000E+00    0.8364607244E+00   -0.3294224794E+01    0.5249444286E+01
       111    0.4460000000E+00    0.5578822698E+00   -0.3281674929E+01    0.5065214994E+01
       112    0.7670000000E+00    0.8921438705E+00   -0.4092075078E+01    0.5152156963E+01
       113    0.7620000000E+00    0.6387685941E+00   -0.3544792899E+01    0.5074953791E+01
       114    0.9380000000E+00    0.8179965857E+00   -0.3730601504E+01    0.5163510876E+01
       115    0.1061000000E+01    0.1050884993E+01   -0.3648067955E+01    0.5333210484E+01
       116    0.3420000000E+00    0.1993883838E+00   -0.1893245614E+01    0.5059531770E+01
       117    0.4480000000E+00    0.5896997923E+00   -0.2992000000E+01    0.5135343628E+01
       118    0.8210000000E+00    0.7593322551E+00   -0.3197333333E+01    0.5214189827E+01
       119    0.1640000000E+00    0.4367554380E+00   -0.3506980519E+01    0.4946200021E+01
       120    0.5980000000E+00    0.3390448821E+00   -0.2131656805E+01    0.5112748944E+01
       121    0.8960000000E+00    0.4328887894E+00   -0.3810561576E+01    0.4892423291E+01
       122    0.3850000000E+00    0.4150691741E+00   -0.2096137339E+01    0.5169592120E+01
       123   -0.1160000000E+00    0.1486432736E+00   -0.2188614130E+01    0.4975782117E+01
       124    0.6500000000E-01    0.1890812849E+00   -0.2338300403E+01    0.4977591421E+01
       125    0.1217000000E+01    0.6745314991E+00   -0.4764342857E+01    0.4893233911E+01
       126    0.1100000000E+00    0.1531459223E+00   -0.2066512915E+01    0.4999382889E+01
       127   -0.1200000000E+00    0.2261878980E-01   -0.2478339984E+01    0.4842628392E+01
       128    0.5260000000E+00    0.4149438265E+00   -0.2553238095E+01    0.5092431295E+01
       129    0.1341000000E+01    0.1303792004E+01   -0.3913410432E+01    0.5457641498E+01
       130    0.6210000000E+00    0.7596542016E+00   -0.3197333333E+01    0.5214405182E+01
       131   -0.2020000000E+00   -0.7868024519E-01   -0.1491563786E+01    0.4941259492E+01
       132    0.6120000000E+00    0.6205329790E+00   -0.3077773824E+01    0.5141505123E+01
       133    0.2840000000E+00    0.3208471202E+00   -0.2047267025E+01    0.5114806102E+01
       134   -0.1580000000E+00    0.1111164352E+00   -0.2484339623E+01    0.4900814178E+01
       135   -0.1600000000E-01   -0.1516377751E-01   -0.2167684729E+01    0.4869738174E+01
       136    0.3560000000E+00    0.1869570544E+00   -0.2703684211E+01    0.4914558954E+01
       137    0.5290000000E+00    0.5198901256E+00   -0.2657142857E+01    0.5145110941E+01
       138    0.9820000000E+00    0.9710293724E+00   -0.3648279133E+01    0.5279758206E+01
       139    0.5200000000E+00    0.3754862214E+00   -0.2775085714E+01    0.5028629228E+01
       140    0.5990000000E+00    0.6365885371E+00   -0.3156216474E+01    0.5139017825E+01
       141    0.2380000000E+00   -0.1089958953E+00   -0.1893118712E+01    0.4853270120E+01
       142    0.9400000000E-01    0.2138984806E+00   -0.2066876568E+01    0.5039959902E+01
       143    0.1201000000E+01    0.6446623620E+00   -0.4666311111E+01    0.4889784232E+01
       144    0.5790000000E+00    0.6847394781E+00   -0.3235294118E+01    0.5157892555E+01
       145    0.9300000000E+00    0.8927840123E+00   -0.4027280746E+01    0.5163510876E+01
       146    0.9730000000E+00    0.9710293724E+00   -0.3648279133E+01    0.5279758206E+01
       147    0.4940000000E+00    0.4340009382E+00   -0.2679136691E+01    0.5083949694E+01
       148    0.2790000000E+00    0.2932379556E+00   -0.1877737374E+01    0.5124924232E+01
       149   -0.3380000000E+00   -0.1251520323E+00   -0.1618807803E+01    0.4888717723E+01
       150    0.5970000000E+00    0.5313358079E+00   -0.2860360873E+01    0.5118500226E+01
       151   -0.1930000000E+00   -0.1110493964E+00   -0.2314169096E+01    0.4780898388E+01
       152    0.9790000000E+00    0.9556456704E+00   -0.3643950650E+01    0.5270197683E+01
       153   -0.1200000000E-01    0.1540811219E+00   -0.2153458498E+01    0.4985347571E+01
       154    0.2570000000E+00    0.1453098119E+00   -0.2145596591E+01    0.4980805991E+01
       155    0.9260000000E+00    0.8966052040E+00   -0.3582931826E+01    0.5240993676E+01
       156    0.1340000000E+00    0.1867338248E-01   -0.2196740044E+01    0.4887473029E+01
       157   -0.5360000000E+00   -0.2694684485E+00   -0.1383088235E+01    0.4831929592E+01
       158    0.3790000000E+00    0.4091404277E+00   -0.2101298701E+01    0.5164755973E+01
       159   -0.3260000000E+00    0.1417242193E+00   -0.2760812582E+01    0.4874668939E+01
       160    0.4020000000E+00    0.4733557610E+00   -0.2812305444E+01    0.5087819644E+01
       161    0.9100000000E+00    0.8223372752E+00   -0.4565394022E+01    0.5025650532E+01
       162    0.7480000000E+00    0.6344795904E+00   -0.3553618608E+01    0.5070596606E+01
       163   -0.1260000000E+00   -0.1602988885E+00   -0.2074529347E+01    0.4788363030E+01
       164    0.3490000000E+00    0.2415518331E-02   -0.1952986416E+01    0.4917699973E+01
       165    0.8790000000E+00    0.9759547440E+00   -0.4001326606E+01    0.5223521498E+01
       166    0.6700000000E+00    0.8418492056E+00   -0.3965908497E+01    0.5139788466E+01
       167    0.7010000000E+00    0.6347023516E+00   -0.3070202977E+01    0.5152259844E+01
       168    0.5580000000E+00    0.6658391286E+00   -0.3043242453E+01    0.5177633841E+01
       169    0.7200000000E+00    0.7981903284E+00   -0.3511934028E+01    0.5187134182E+01
       170    0.1810000000E+00    0.1219208496E+00   -0.2100555556E+01    0.4972755633E+01
       171   -0.1120000000E+00    0.1111164352E+00   -0.2484339623E+01    0.4900814178E+01
       172    0.3670000000E+00    0.4000863644E+00   -0.2047058824E+01    0.5167845574E+01
       173    0.1260000000E+00    0.2984710135E+00   -0.2780760626E+01    0.4976155644E+01
       174    0.8770000000E+00    0.7981903284E+00   -0.3511934028E+01    0.5187134182E+01
       175    0.2570000000E+00    0.1270094359E+00   -0.2127486486E+01    0.4971618336E+01
       176    0.5800000000E+00    0.2764937533E+00   -0.2837736367E+01    0.4951847382E+01
       177    0.1161000000E+01    0.1089069637E+01   -0.4072226721E+01    0.5287230534E+01
       178    0.9390000000E+00    0.7001416077E+00   -0.3428627199E+01    0.5135595181E+01
       179   -0.6350000000E+00   -0.4063849350E+00   -0.1411357587E+01    0.4735577203E+01
       180    0.2510000000E+00    0.2190772066E+00   -0.1950210526E+01    0.5063096426E+01
       181   -0.1890000000E+00   -0.1642411377E+00   -0.2059651036E+01    0.4788234800E+01
       182    0.2720000000E+00    0.3581192149E+00   -0.2930600838E+01    0.4990788986E+01
       183    0.1670000000E+00    0.1331467190E+00   -0.1869019157E+01    0.5019306788E+01
       184    0.3670000000E+00    0.1743194040E+00   -0.2665052356E+01    0.4912619591E+01
       185    0.4450000000E+00    0.4577078298E+00   -0.2779215686E+01    0.5082932141E+01
       186   -0.3550000000E+00   -0.1410371029E+00   -0.1823153989E+01    0.4843634808E+01
       187    0.6040000000E+00    0.7064407052E+00   -0.3420000000E+01    0.5141263476E+01
       188    0.1960000000E+00    0.1667375267E+00   -0.2110714286E+01    0.5001021227E+01
       189    0.9200000000E+00    0.5365132149E+00   -0.2235380117E+01    0.5227348616E+01
       190    0.7080000000E+00    0.6307555916E+00   -0.3041702486E+01    0.5154425588E+01
       191    0.9950000000E+00    0.7549932819E+00   -0.3753187369E+01    0.5117558524E+01
       192    0.8010000000E+00    0.5326516882E+00   -0.3840462428E+01    0.4954114324E+01
       193    0.6040000000E+00    0.6889894776E+00   -0.3028695820E+01    0.5195572344E+01
       194    0.8450000000E+00    0.1161610050E+01   -0.4376464758E+01    0.5284452897E+01
       195    0.5710000000E+00    0.7355776037E+00   -0.4186455224E+01    0.5031512834E+01
       196    0.1067000000E+01    0.1026949706E+01   -0.3557375000E+01    0.5332492572E+01
       197    0.1168000000E+01    0.1133821991E+01   -0.4007902465E+01    0.5328012528E+01
       198    0.2700000000E+00    0.2262818079E+00   -0.2281691268E+01    0.5012020943E+01
       199    0.2800000000E+00    0.1620495298E+00   -0.1844839088E+01    0.5042717606E+01
       200    0.2650000000E+00    0.2984710135E+00   -0.2780760626E+01    0.4976155644E+01
