   -0.9999213900E-01
    0.1359389390E+00
   -0.1437035460E+00
    0.9303198400E-01
   -0.6152033200E-01
   -0.1310041390E+00
    0.2768584740E+00
    0.1540332080E+00
    0.1716465300E-01
   -0.8696814600E-01
    0.6487212160E+00
    0.7483529960E+00
   -0.3053116400E-01
    0.1940764010E+00
   -0.1832929440E+00
    0.7278183300E-01
    0.1405165800E-01
   -0.3597512230E+00
   -0.5203671100E-01
   -0.6349244000E-01
    0.6005209030E+00
   -0.2087604750E+00
   -0.4923410200E-01
    0.2895540010E+00
    0.4857980580E+00
   -0.2070666800E-01
    0.3585552720E+00
   -0.7439770200E-01
   -0.9819447000E-01
   -0.4222256420E+00
   -0.7539305000E-02
   -0.2645209980E+00
   -0.3374453000E-01
   -0.2854249284E+00
   -0.1557537750E+00
   -0.1500830520E+00
   -0.1508886770E+00
   -0.5783130100E-01
   -0.1740654130E+00
    0.1677390800E-01
   -0.3109492760E+00
    0.6279124270E+00
   -0.1691509520E+00
    0.3716533700E-01
   -0.2125136600E-01
    0.3994487090E+00
   -0.1286913390E+00
   -0.2243345870E+00
    0.1787666700E+00
   -0.3369257820E+00
    0.4741707900E-01
    0.4257463900E-01
   -0.5842792700E-01
   -0.2885095600E-01
   -0.2453709070E+00
   -0.6819931100E-01
   -0.2949048770E+00
   -0.7265279900E-01
    0.9404062300E-01
   -0.7662337500E-01
    0.2275811010E+00
    0.2765535900E+00
   -0.1377135760E+00
   -0.3368431130E+00
   -0.3076086040E+00
   -0.1567649600E-01
    0.3691196860E+00
   -0.3500038900E+00
    0.6628551300E-01
    0.1000119700E-01
   -0.3832194600E-01
   -0.2475209980E+00
   -0.1370488470E+00
    0.2637380360E+00
    0.1701517700E+00
   -0.1493079030E+00
   -0.9091806600E-01
    0.1785045990E+00
   -0.2979808480E+00
    0.1053819740E+00
    0.3161222050E+00
    0.1758407920E+00
   -0.5829630000E-01
   -0.2048397710E+00
   -0.2615920800E-01
    0.1721956820E+00
   -0.1877836000E-01
   -0.1160611250E+00
    0.3937241910E+00
   -0.1180551090E+00
    0.2513850200E-01
   -0.4861443900E-01
    0.1194437060E+00
   -0.1566119800E+00
    0.7828551300E-01
   -0.1791394480E+00
    0.2108145690E+00
    0.1085782760E+00
    0.1220554200E+00
   -0.4011608190E+00
   -0.3173976770E+00
   -0.1171161510E+00
   -0.1150875730E+00
    0.3116533700E-01
    0.3413548260E+00
    0.2121263590E+00
   -0.8855722800E-01
   -0.3771018070E+00
   -0.7219178700E-01
    0.2568514530E+00
    0.3459073760E+00
   -0.1843503160E+00
