   -0.1784630440E+00
    0.1316281520E+00
    0.5159682800E-01
   -0.1713429390E+00
    0.5862905500E-01
   -0.2628963620E+00
    0.2283692980E+00
    0.8233862900E-01
   -0.1491417010E+00
   -0.5056300500E-01
    0.4185410400E+00
    0.3552379740E+00
    0.6516866200E-01
    0.3314260180E+00
   -0.1691764850E+00
    0.1942540440E+00
   -0.3563156670E+00
   -0.6374503600E-01
    0.8757981900E-01
   -0.2035171600E-01
    0.4234325800E+00
   -0.4253054470E+00
   -0.1781595700E+00
    0.1066957320E+00
    0.4122789570E+00
   -0.1236727800E-01
    0.9969791700E-01
    0.1326642170E+00
   -0.9021528400E-01
   -0.2753377770E+00
   -0.1262070570E+00
   -0.1126352460E+00
    0.5594304700E-01
   -0.3225257410E+00
   -0.4389958730E+00
    0.7426981400E-01
   -0.8662884100E-01
   -0.5654762900E-01
    0.2046621370E+00
   -0.8366986500E-01
   -0.3817507940E+00
    0.4224857770E+00
    0.1405193950E+00
   -0.5967869300E-01
    0.2073184660E+00
    0.1594802200E-01
   -0.6459738700E-01
   -0.9603402400E-01
    0.1134071110E+00
   -0.2158857250E+00
   -0.3146301910E+00
   -0.1110108820E+00
    0.1346998390E+00
   -0.1456875770E+00
    0.1417724510E+00
   -0.8516175000E-02
   -0.1520800900E+00
   -0.2713670640E+00
    0.1544174550E+00
   -0.7246780800E-01
    0.1138164350E+00
    0.2042041220E+00
   -0.4792131700E-01
    0.1000545750E+00
   -0.1031532200E+00
    0.2476664280E+00
    0.2736491090E+00
   -0.2717925560E+00
   -0.3011545500E-01
   -0.1028867790E+00
    0.1367580420E+00
   -0.8802548200E-01
   -0.5783814800E-01
    0.2440549960E+00
    0.2526779300E-01
   -0.1205694280E+00
    0.1206511760E+00
   -0.1031411600E+00
   -0.1588040020E+00
    0.6833388700E-01
   -0.8426849700E-01
    0.3215904060E+00
    0.1440337890E+00
   -0.8298479100E-01
    0.1195904060E+00
    0.7430524400E-01
    0.1154010000E+00
    0.6039738400E-01
    0.2710203010E+00
   -0.1052349260E+00
    0.1070517360E+00
   -0.1513520890E+00
    0.5249078900E-01
   -0.5763048100E-01
   -0.1811545500E-01
   -0.9562021300E-01
    0.1152370040E+00
    0.1241443910E+00
    0.7050115400E-01
   -0.1133508970E+00
   -0.1323916900E+00
    0.1449444560E+00
   -0.3205142230E+00
   -0.6567869300E-01
   -0.9794602900E-01
    0.9267520900E-01
   -0.3920453590E+00
   -0.5711446600E-01
   -0.3086086200E+00
    0.2302973280E+00
    0.2543282800E+00
    0.1395407500E-01
