   -0.1757977220E+00
    0.4369337500E-01
    0.2975687170E+00
    0.6211206340E+00
    0.2523000800E-01
   -0.3318520340E+00
    0.6498683000E+00
    0.3418602600E+00
   -0.7838917800E-01
    0.2163471440E+00
    0.8091401990E+00
    0.7796838900E+00
    0.1058696910E+00
   -0.3698724940E+00
   -0.1924199000E-02
    0.4972727380E+00
    0.2341700340E+00
   -0.5101264170E+00
    0.3496558400E-01
   -0.1283268520E+00
    0.6116133070E+00
   -0.4382579960E+00
   -0.2232996870E+00
    0.2334393950E+00
   -0.3969790700E-01
    0.2362693900E-01
    0.5973434370E+00
   -0.5491204000E-01
   -0.2449334650E+00
   -0.1814880100E+00
   -0.9916040700E-01
   -0.4361289030E+00
   -0.6774369680E+00
   -0.5251219020E+00
   -0.8405945200E-01
   -0.1256759040E+00
    0.3649623930E+00
   -0.5004535680E+00
   -0.5731076930E+00
   -0.2249644030E+00
   -0.5966546060E+00
    0.4204834100E+00
    0.3626659630E+00
   -0.2459094070E+00
   -0.8244572400E-01
    0.5046788340E+00
   -0.9594307300E-01
    0.1506341890E+00
    0.3681221500E+00
   -0.3413479010E+00
    0.9181007400E-01
   -0.5760362200E-01
    0.3849615530E+00
   -0.3307984580E+00
   -0.5587130570E+00
   -0.8059720000E-02
   -0.6198163310E+00
   -0.4446406000E-02
   -0.1352152740E+00
   -0.3350892910E+00
    0.3787569410E+00
   -0.1806474130E+00
   -0.3346249140E+00
   -0.4795112570E+00
    0.3929566810E+00
    0.6143943400E-01
    0.2387564390E+00
   -0.3136449990E+00
    0.4042136820E+00
   -0.3462875400E+00
   -0.1491683830E+00
   -0.4191289030E+00
   -0.3341576510E+00
    0.7131186790E+00
    0.4017880480E+00
    0.1930897290E+00
    0.2079102770E+00
   -0.4499168900E-01
   -0.6572141680E+00
    0.5482328000E+00
    0.4202521410E+00
   -0.2265128680E+00
   -0.7307554600E-01
    0.1713633430E+00
   -0.4285128680E+00
    0.5023426680E+00
    0.7152808100E-01
    0.3250359800E+00
   -0.7322158100E-01
    0.2139818650E+00
    0.2691120650E+00
    0.2200496840E+00
   -0.3353950110E+00
   -0.2808601000E-01
    0.4162136820E+00
   -0.1508156640E+00
    0.3639007970E+00
    0.1640716940E+00
    0.1854169810E+00
   -0.6455564350E+00
   -0.7576507990E+00
    0.1351378000E+00
   -0.3225165900E+00
   -0.2519094070E+00
    0.4717279650E+00
    0.5136323840E+00
   -0.1870240510E+00
   -0.5260517670E+00
   -0.3006834780E+00
    0.2693935010E+00
   -0.3147885500E-01
    0.1034236100E-01
