        Rank        RMSE       MaxAE  Feature_ID
           1    0.139766    0.387619  (     348    1413    1654    2639)
           2    0.139766    0.387619  (     348    1413    1654    2639)
           3    0.139766    0.387619  (     348    1654    1413    2639)
           4    0.140596    0.488783  (    1654      87    2910    2639)
           5    0.140596    0.488783  (    1654      87    2910    2639)
           6    0.140596    0.488783  (    1654      87    2910    2639)
           7    0.140596    0.488783  (      87    1654    2910    2639)
           8    0.140596    0.488783  (      87    1654    2910    2639)
           9    0.140596    0.488783  (      87    1654    2910    2639)
          10    0.140663    0.384839  (     348    1413    2547    1654)
          11    0.140663    0.384839  (     348    1413    1654    2547)
          12    0.140663    0.384839  (     348    1413    1654    2547)
          13    0.140663    0.384839  (     348    1654    1413    2547)
          14    0.140663    0.384839  (     348    1413    1654    2547)
          15    0.140663    0.384839  (     348    1654    1413    2547)
          16    0.140928    0.384018  (     348    1413    1654    2663)
          17    0.140928    0.384018  (     348    1413    2663    1654)
          18    0.140928    0.384018  (     348    1654    1413    2663)
          19    0.140985    0.443913  (    1654    2029      87    3149)
          20    0.140985    0.443913  (    1654    2029      87    3149)
          21    0.140985    0.443913  (      87    1654    2029    3149)
          22    0.140985    0.443913  (      87    2029    3149    1654)
          23    0.140985    0.443913  (    2029      87    3149    1654)
          24    0.140985    0.443913  (    1654      87    2029    3149)
          25    0.141104    0.428397  (      87    2029    1654    2675)
          26    0.141104    0.428397  (    2029      87    1654    2675)
          27    0.141104    0.428397  (    1654    2029      87    2675)
          28    0.141104    0.428397  (    1654    2029      87    2675)
          29    0.141104    0.428397  (      87    1654    2029    2675)
          30    0.141104    0.428397  (    1654      87    2029    2675)
          31    0.141134    0.430945  (    1654      87    2995    2910)
          32    0.141134    0.430945  (    1654      87    2995    2910)
          33    0.141134    0.430945  (    1654      87    2995    2910)
          34    0.141134    0.430945  (    1654      87    2995    2910)
          35    0.141134    0.430945  (      87    1654    2995    2910)
          36    0.141134    0.430945  (      87    2995    1654    2910)
          37    0.141134    0.430945  (    2995    1654      87    2910)
          38    0.141134    0.430945  (      87    2995    1654    2910)
          39    0.141134    0.430945  (      87    2995    1654    2910)
          40    0.141134    0.430945  (      87    2995    1654    2910)
          41    0.141134    0.430945  (    1654    2995      87    2910)
          42    0.141134    0.430945  (    2995      87    1654    2910)
          43    0.141257    0.386053  (     348    1413    2687    1654)
          44    0.141257    0.386053  (     348    1654    1413    2687)
          45    0.141257    0.386053  (     348    1654    1413    2687)
          46    0.141257    0.386053  (     348    1413    1654    2687)
          47    0.141257    0.386053  (     348    1413    1654    2687)
          48    0.141257    0.386053  (     348    1413    1654    2687)
          49    0.141278    0.483815  (    1654      87    2910    2547)
          50    0.141278    0.483815  (      87    2547    1654    2910)
          51    0.141278    0.483815  (    1654      87    2910    2547)
          52    0.141278    0.483815  (    1654    2547      87    2910)
          53    0.141278    0.483815  (      87    1654    2910    2547)
          54    0.141278    0.483815  (      87    1654    2910    2547)
          55    0.141278    0.483815  (    1654      87    2910    2547)
          56    0.141278    0.483815  (    1654    2547      87    2910)
          57    0.141278    0.483815  (    2547      87    1654    2910)
          58    0.141278    0.483815  (      87    1654    2910    2547)
          59    0.141278    0.483815  (    1654      87    2547    2910)
          60    0.141278    0.483815  (      87    1654    2547    2910)
          61    0.141326    0.389856  (    2008      87    3112    1654)
          62    0.141326    0.389856  (      87    1654    2008    3112)
          63    0.141326    0.389856  (    1654    2008      87    3112)
          64    0.141326    0.389856  (      87    2008    3112    1654)
          65    0.141326    0.389856  (    1654    2008      87    3112)
          66    0.141326    0.389856  (    1654      87    2008    3112)
          67    0.141333    0.429055  (      87    2029    2898    1654)
          68    0.141333    0.429055  (      87    1654    2029    2898)
          69    0.141333    0.429055  (    1654      87    2029    2898)
          70    0.141333    0.429055  (    1654    2029      87    2898)
          71    0.141333    0.429055  (    2029      87    2898    1654)
          72    0.141333    0.429055  (    1654    2029      87    2898)
          73    0.141335    0.379258  (     348    1413    1654    2860)
          74    0.141335    0.379258  (     348    1654    1413    2860)
          75    0.141335    0.379258  (     348    1413    1654    2860)
          76    0.141335    0.379258  (     348    1413    2860    1654)
          77    0.141335    0.379258  (     348    1654    1413    2860)
          78    0.141335    0.379258  (     348    1413    1654    2860)
          79    0.141349    0.442418  (      87    2708    1654    2639)
          80    0.141349    0.442418  (      87    1654    2708    2639)
          81    0.141349    0.442418  (      87    2708    1654    2639)
          82    0.141349    0.442418  (    1654      87    2708    2639)
          83    0.141349    0.442418  (    1654      87    2708    2639)
          84    0.141349    0.442418  (    1654      87    2708    2639)
          85    0.141416    0.383550  (    2013      87    3112    1654)
          86    0.141416    0.383550  (    1654      87    2013    3112)
          87    0.141416    0.383550  (      87    2013    3112    1654)
          88    0.141416    0.383550  (      87    1654    2013    3112)
          89    0.141416    0.383550  (    1654    2013      87    3112)
          90    0.141416    0.383550  (    1654    2013      87    3112)
          91    0.141427    0.381651  (    1654      87    2028    3112)
          92    0.141427    0.381651  (    1654    2028      87    3112)
          93    0.141427    0.381651  (    1654    2028      87    3112)
          94    0.141427    0.381651  (      87    2028    3112    1654)
          95    0.141427    0.381651  (    2028      87    3112    1654)
          96    0.141427    0.381651  (      87    1654    2028    3112)
          97    0.141494    0.418511  (      87    1654    2007    3112)
          98    0.141494    0.418511  (    2007      87    3112    1654)
          99    0.141494    0.418511  (    1654      87    2007    3112)
         100    0.141494    0.418511  (    1654    2007      87    3112)
