        Rank        RMSE       MaxAE  Feature_ID
           1    0.153129    0.570851  (      65    1654    2044)
           2    0.153129    0.570851  (      65    1654    2044)
           3    0.153182    0.486542  (    1654      87    2007)
           4    0.153182    0.486542  (      87    1654    2007)
           5    0.153182    0.486542  (    1654    2007      87)
           6    0.153182    0.486542  (    1654    2007      87)
           7    0.153304    0.508317  (      87    1654    2011)
           8    0.153304    0.508317  (    1654      87    2011)
           9    0.153304    0.508317  (    1654    2011      87)
          10    0.153304    0.508317  (    1654    2011      87)
          11    0.153431    0.461789  (    1654    2008      87)
          12    0.153431    0.461789  (    1654    2008      87)
          13    0.153431    0.461789  (      87    1654    2008)
          14    0.153431    0.461789  (    1654      87    2008)
          15    0.153804    0.467344  (    1654    2010      87)
          16    0.153804    0.467344  (    1654    2010      87)
          17    0.153804    0.467344  (    1654      87    2010)
          18    0.153804    0.467344  (      87    1654    2010)
          19    0.153975    0.527004  (      87    1654    2044)
          20    0.153975    0.527004  (    1654      87    2044)
          21    0.153975    0.527004  (    1654    2044      87)
          22    0.153975    0.527004  (    1654    2044      87)
          23    0.154011    0.458450  (    1654    2013      87)
          24    0.154011    0.458450  (    1654    2013      87)
          25    0.154011    0.458450  (      87    1654    2013)
          26    0.154011    0.458450  (    1654      87    2013)
          27    0.154085    0.458756  (      87    1654    2015)
          28    0.154085    0.458756  (    1654      87    2015)
          29    0.154085    0.458756  (    1654    2015      87)
          30    0.154085    0.458756  (    1654    2015      87)
          31    0.154902    0.472139  (    1654      87    2029)
          32    0.154902    0.472139  (      87    1654    2029)
          33    0.154902    0.472139  (    1654    2029      87)
          34    0.154902    0.472139  (    1654    2029      87)
          35    0.155131    0.498990  (      87    1654    2026)
          36    0.155131    0.498990  (    1654      87    2026)
          37    0.155131    0.498990  (    1654    2026      87)
          38    0.155131    0.498990  (    1654    2026      87)
          39    0.155178    0.462431  (    1654      87    2028)
          40    0.155178    0.462431  (      87    1654    2028)
          41    0.155178    0.462431  (    1654    2028      87)
          42    0.155178    0.462431  (    1654    2028      87)
          43    0.155345    0.459311  (      87    1654    2038)
          44    0.155345    0.459311  (    1654    2038      87)
          45    0.155345    0.459311  (    1654      87    2038)
          46    0.155345    0.459311  (    1654    2038      87)
          47    0.155396    0.513415  (    1654    2037      87)
          48    0.155396    0.513415  (    1654    2037      87)
          49    0.155396    0.513415  (    1654      87    2037)
          50    0.155396    0.513415  (      87    1654    2037)
          51    0.155631    0.530992  (      87    2043    1654)
          52    0.155631    0.530992  (    2043    1654      87)
          53    0.155631    0.530992  (    1654      87    2043)
          54    0.155631    0.530992  (    1654    2043      87)
          55    0.155923    0.503481  (    1654    2046      87)
          56    0.155923    0.503481  (    1654    2046      87)
          57    0.155923    0.503481  (      87    1654    2046)
          58    0.155923    0.503481  (    1654      87    2046)
          59    0.156058    0.505026  (    1654      87    2203)
          60    0.156058    0.505026  (    1654    2203      87)
          61    0.156058    0.505026  (    1654    2203      87)
          62    0.156058    0.505026  (      87    1654    2203)
          63    0.156167    0.501679  (    1654      87    2045)
          64    0.156167    0.501679  (    1654    2045      87)
          65    0.156167    0.501679  (    1654    2045      87)
          66    0.156167    0.501679  (      87    1654    2045)
          67    0.156473    0.519584  (    1654    2066      87)
          68    0.156473    0.519584  (    1654      87    2066)
          69    0.156473    0.519584  (    1654    2066      87)
          70    0.156473    0.519584  (      87    1654    2066)
          71    0.156475    0.504305  (    1654      87    2055)
          72    0.156475    0.504305  (      87    1654    2055)
          73    0.156475    0.504305  (    1654    2055      87)
          74    0.156475    0.504305  (    1654    2055      87)
          75    0.156497    0.505666  (    1654    2061      87)
          76    0.156497    0.505666  (    1654      87    2061)
          77    0.156497    0.505666  (    1654    2061      87)
          78    0.156497    0.505666  (      87    1654    2061)
          79    0.156719    0.483543  (    1654    2101      87)
          80    0.156719    0.483543  (    1654    2101      87)
          81    0.156719    0.483543  (    1654      87    2101)
          82    0.156719    0.483543  (      87    1654    2101)
          83    0.156770    0.545723  (    1654      87    2135)
          84    0.156770    0.545723  (      87    1654    2135)
          85    0.156770    0.545723  (    1654    2135      87)
          86    0.156770    0.545723  (    1654    2135      87)
          87    0.157023    0.498767  (    1654      87    2146)
          88    0.157023    0.498767  (      87    2146    1654)
          89    0.157023    0.498767  (    1654    2146      87)
          90    0.157023    0.498767  (    2146    1654      87)
          91    0.157226    0.492442  (    1654      87    2198)
          92    0.157226    0.492442  (    1654      87    2198)
          93    0.157226    0.492442  (      87    1654    2198)
          94    0.157226    0.492442  (    1654      87    2198)
          95    0.157271    0.536228  (      87    1654    2986)
          96    0.157271    0.536228  (    1654      87    2986)
          97    0.157271    0.536228  (    1654      87    2986)
          98    0.157271    0.536228  (    1654      87    2986)
          99    0.157462    0.487097  (    1654      87    2462)
         100    0.157462    0.487097  (      87    1654    2462)
