Model_ID, [(c_i,i=0,n)_j,j=1,ntask]
           1   -0.1132151850E+02    0.6220293532E+01
           2   -0.2992425853E+01    0.6193815327E-01
           3   -0.1250781076E+01    0.1329205782E-02
           4   -0.2476450926E+01    0.5871415569E+00
           5   -0.2184171016E+01    0.2515812483E-01
           6   -0.2158489555E+01    0.1762615761E-01
           7   -0.1629002782E+01    0.4952869228E-02
           8    0.4908705811E+01   -0.4599088513E+02
           9    0.2585074288E+01   -0.1150118735E+02
          10   -0.2086184515E+02    0.2345586795E+02
          11   -0.5952133899E+01    0.5935369170E+00
          12   -0.1167602642E+02    0.3142916636E+01
          13   -0.3092143830E+01    0.6176726766E-01
          14   -0.1775417315E+01    0.1296401863E-01
          15    0.4807922007E+01   -0.4582527000E+02
          16   -0.7068121806E+01    0.7288607888E+00
          17   -0.1667738340E+01    0.4892004055E-02
          18   -0.1796387665E+01    0.2474707953E-02
          19   -0.8739838589E+01    0.3116493524E+01
          20   -0.2207858160E+01    0.1742074467E-01
          21   -0.2264605603E+01    0.3577708813E+00
          22    0.2260452902E+01   -0.2268553258E+02
          23   -0.5956110141E+01    0.2101648501E+01
          24   -0.4040038253E+01    0.1060079163E+00
          25   -0.9598984056E+00    0.4333062959E-03
          26   -0.1170303116E+02    0.3139881915E+01
          27   -0.3103375813E+01    0.6137359197E-01
          28    0.4384968048E+01   -0.8477977020E+03
          29   -0.1727882071E+02    0.7957233118E+01
          30   -0.3948999926E+01    0.9905653159E-01
          31   -0.1360082533E+04    0.1364208770E+04
          32    0.4123274448E+01   -0.1361271339E+04
          33    0.4123270036E+01   -0.1361268036E+04
          34    0.1362453578E+04   -0.1358333272E+04
          35    0.1413016761E+02   -0.5295579851E+02
          36    0.6896330402E+01   -0.1240009198E+03
          37   -0.3415977983E+01    0.2670783848E+00
          38    0.3248113175E+01   -0.1810209036E+02
          39    0.4085446148E+01   -0.8965964489E+03
          40    0.9669078785E+01   -0.6616145200E+02
          41   -0.3635277880E+01    0.1165647866E+00
          42   -0.1846826694E+01    0.9684669413E-03
          43    0.2510310047E+01    0.7048451824E+01
          44    0.7372112349E+01   -0.1014669527E+03
          45   -0.6027310233E+01    0.6047420420E+00
          46   -0.3301483883E+01    0.8540939917E-01
          47   -0.6034434081E+01    0.2105720683E+01
          48    0.8715808004E+01   -0.5496181266E+01
          49   -0.1583267540E+01    0.5081846604E-02
          50    0.1960768599E+02   -0.4267858398E+02
          51   -0.5911044498E+01    0.3212814012E+00
          52    0.5528182480E+01   -0.2944111910E+03
          53   -0.7437938194E+01    0.8161433770E+00
          54    0.4655059691E+01   -0.5885479941E+03
          55    0.4112537328E+01   -0.3336325405E+01
          56    0.4611565965E+01   -0.5757008179E+03
          57   -0.1463614894E+01    0.4672144360E-02
          58   -0.6140244388E+01    0.9001930818E+00
          59   -0.6090723053E+01    0.8550355504E+00
          60   -0.4700135797E+01    0.1059811746E+00
          61    0.2530410637E+01   -0.2415644145E+04
          62    0.5708484438E+01   -0.2311839089E+03
          63    0.2234798985E+01   -0.6535457362E+01
          64   -0.6224037078E+06    0.6224064347E+06
          65    0.4156085704E+01   -0.1147526116E+04
          66   -0.1474254426E+01    0.4608437607E-02
          67   -0.4372856663E+01    0.2320355343E+00
          68   -0.4301838818E+01   -0.6670474043E+00
          69    0.2200515447E+00    0.7277632064E+00
          70    0.3007265602E+01   -0.4738155380E+02
          71    0.8439033160E+01   -0.2708821507E+02
          72    0.6375254070E+01    0.4148920029E+02
          73    0.1842646688E+02   -0.4864415754E+02
          74    0.9498083123E+01   -0.8720937219E+02
          75   -0.4765625138E+01    0.1813907859E+01
          76   -0.4027331507E+01    0.2191088108E+00
          77    0.4850038062E+01   -0.5059001214E+02
          78   -0.1055009637E+02    0.4557941977E+01
          79   -0.2850601377E+01    0.1017001305E+00
          80   -0.9808898195E+00   -0.2604365217E-01
          81   -0.1025361213E+01   -0.1009121318E+00
          82   -0.8807669765E+01    0.3680807664E+01
          83    0.8357026239E+01   -0.3695502717E+02
          84    0.2814306373E+01   -0.4350710613E+03
          85   -0.2433346306E+01    0.2922887403E-01
          86   -0.7350827966E+00   -0.1411388456E-01
          87   -0.1087999787E+02    0.4644390413E+01
          88   -0.4363640927E+01    0.3004536497E+00
          89   -0.7201260800E+00    0.1590505153E-03
          90    0.4282116071E+01   -0.1099165636E+03
          91    0.3089699245E+01   -0.5587733043E+01
          92   -0.4759554195E+01    0.3479000722E+00
          93   -0.4598039640E+00    0.4069443335E+01
          94   -0.2857716181E+01    0.1009630047E+00
          95    0.1752337857E+02   -0.5456113509E+02
          96   -0.2865542799E+01    0.8471114748E-01
          97    0.6470943858E+01    0.4271918897E+02
          98   -0.1254348550E+01   -0.4778896904E-01
          99   -0.1944442346E+01    0.1351113500E-01
         100   -0.4218480725E+01    0.2138475673E+00
