Model_ID, [(c_i,i=0,n)_j,j=1,ntask]
           1   -0.1400569821E+01    0.1452172072E-02   -0.4026023754E-01    0.2809035639E+00
           2   -0.1400569821E+01    0.1452172072E-02   -0.4026023754E-01    0.2809035639E+00
           3   -0.1032548350E+01   -0.3688049406E-01    0.1520633841E-01   -0.1648384637E+01
           4   -0.1032548350E+01    0.1520633841E-01   -0.3688049406E-01   -0.1648384637E+01
           5   -0.1032548350E+01   -0.3688049406E-01   -0.1648384637E+01    0.1520633841E-01
           6   -0.1032548350E+01   -0.3688049406E-01   -0.1648384637E+01    0.1520633841E-01
           7   -0.1123080021E+01    0.1533151604E-01   -0.3484488471E-01   -0.1394288269E+00
           8   -0.1123080021E+01   -0.3484488471E-01    0.1533151604E-01   -0.1394288269E+00
           9   -0.1123080021E+01   -0.3484488471E-01   -0.1394288269E+00    0.1533151604E-01
          10   -0.1123080021E+01   -0.3484488471E-01   -0.1394288269E+00    0.1533151604E-01
          11   -0.1213110330E+01   -0.3670855482E-01    0.1786634095E+00    0.1522104066E-01
          12   -0.1213110330E+01   -0.3670855482E-01    0.1786634095E+00    0.1522104066E-01
          13   -0.1213110330E+01    0.1522104066E-01   -0.3670855482E-01    0.1786634095E+00
          14   -0.1213110330E+01   -0.3670855482E-01    0.1522104066E-01    0.1786634095E+00
          15   -0.1217479182E+01   -0.3655566579E-01    0.2017631920E+00    0.1525962589E-01
          16   -0.1217479182E+01   -0.3655566579E-01    0.2017631920E+00    0.1525962589E-01
          17   -0.1217479182E+01   -0.3655566579E-01    0.1525962589E-01    0.2017631920E+00
          18   -0.1217479182E+01    0.1525962589E-01   -0.3655566579E-01    0.2017631920E+00
          19   -0.9774808799E+00    0.1532235554E-01   -0.4084154357E-01    0.2559592239E+00
          20   -0.9774808799E+00   -0.4084154357E-01    0.1532235554E-01    0.2559592239E+00
          21   -0.9774808799E+00   -0.4084154357E-01    0.2559592239E+00    0.1532235554E-01
          22   -0.9774808799E+00   -0.4084154357E-01    0.2559592239E+00    0.1532235554E-01
          23   -0.1196995664E+01   -0.3656267974E-01    0.6241295169E-01    0.1512745520E-01
          24   -0.1196995664E+01   -0.3656267974E-01    0.6241295169E-01    0.1512745520E-01
          25   -0.1196995664E+01    0.1512745520E-01   -0.3656267974E-01    0.6241295169E-01
          26   -0.1196995664E+01   -0.3656267974E-01    0.1512745520E-01    0.6241295169E-01
          27   -0.1195611675E+01    0.1512219017E-01   -0.3647125546E-01    0.6284793477E-01
          28   -0.1195611675E+01   -0.3647125546E-01    0.1512219017E-01    0.6284793477E-01
          29   -0.1195611675E+01   -0.3647125546E-01    0.6284793477E-01    0.1512219017E-01
          30   -0.1195611675E+01   -0.3647125546E-01    0.6284793477E-01    0.1512219017E-01
          31   -0.1187139218E+01   -0.3470236649E-01    0.1512701859E-01    0.6061683096E-01
          32   -0.1187139218E+01    0.1512701859E-01   -0.3470236649E-01    0.6061683096E-01
          33   -0.1187139218E+01   -0.3470236649E-01    0.6061683096E-01    0.1512701859E-01
          34   -0.1187139218E+01   -0.3470236649E-01    0.6061683096E-01    0.1512701859E-01
          35   -0.9359533442E+00    0.1516852317E-01   -0.3609075142E-01   -0.9371001287E-02
          36   -0.9359533442E+00   -0.3609075142E-01    0.1516852317E-01   -0.9371001287E-02
          37   -0.9359533442E+00   -0.3609075142E-01   -0.9371001287E-02    0.1516852317E-01
          38   -0.9359533442E+00   -0.3609075142E-01   -0.9371001287E-02    0.1516852317E-01
          39   -0.1199998202E+01   -0.3646836543E-01    0.1517116374E-01    0.2040974104E-01
          40   -0.1199998202E+01    0.1517116374E-01   -0.3646836543E-01    0.2040974104E-01
          41   -0.1199998202E+01   -0.3646836543E-01    0.2040974104E-01    0.1517116374E-01
          42   -0.1199998202E+01   -0.3646836543E-01    0.2040974104E-01    0.1517116374E-01
          43   -0.1006758127E+01    0.1527257438E-01   -0.3519446819E-01   -0.8991066603E-01
          44   -0.1006758127E+01   -0.3519446819E-01   -0.8991066603E-01    0.1527257438E-01
          45   -0.1006758127E+01   -0.3519446819E-01    0.1527257438E-01   -0.8991066603E-01
          46   -0.1006758127E+01   -0.3519446819E-01   -0.8991066603E-01    0.1527257438E-01
          47   -0.1008109322E+01   -0.3639888596E-01   -0.1812668697E+00    0.1535309117E-01
          48   -0.1008109322E+01   -0.3639888596E-01   -0.1812668697E+00    0.1535309117E-01
          49   -0.1008109322E+01   -0.3639888596E-01    0.1535309117E-01   -0.1812668697E+00
          50   -0.1008109322E+01    0.1535309117E-01   -0.3639888596E-01   -0.1812668697E+00
          51   -0.1018740809E+01    0.1503970516E-01   -0.1856580517E+01   -0.3763277064E-01
          52   -0.1018740809E+01   -0.1856580517E+01   -0.3763277064E-01    0.1503970516E-01
          53   -0.1018740809E+01   -0.3763277064E-01    0.1503970516E-01   -0.1856580517E+01
          54   -0.1018740809E+01   -0.3763277064E-01   -0.1856580517E+01    0.1503970516E-01
          55   -0.1051279826E+01   -0.3544164303E-01   -0.1616343765E+01    0.1527879222E-01
          56   -0.1051279826E+01   -0.3544164303E-01   -0.1616343765E+01    0.1527879222E-01
          57   -0.1051279826E+01    0.1527879222E-01   -0.3544164303E-01   -0.1616343765E+01
          58   -0.1051279826E+01   -0.3544164303E-01    0.1527879222E-01   -0.1616343765E+01
          59   -0.3759549792E+00   -0.3813595697E-01    0.1489181380E-01   -0.5214255707E+00
          60   -0.3759549792E+00   -0.3813595697E-01   -0.5214255707E+00    0.1489181380E-01
          61   -0.3759549792E+00   -0.3813595697E-01   -0.5214255707E+00    0.1489181380E-01
          62   -0.3759549792E+00    0.1489181380E-01   -0.3813595697E-01   -0.5214255707E+00
          63   -0.2712932973E+01   -0.3694050436E-01    0.1520893172E-01    0.1692335479E+01
          64   -0.2712932973E+01   -0.3694050436E-01    0.1692335479E+01    0.1520893172E-01
          65   -0.2712932973E+01   -0.3694050436E-01    0.1692335479E+01    0.1520893172E-01
          66   -0.2712932973E+01    0.1520893172E-01   -0.3694050436E-01    0.1692335479E+01
          67   -0.1060143329E+01   -0.3691083618E-01    0.7017667504E-01    0.1529988311E-01
          68   -0.1060143329E+01   -0.3691083618E-01    0.1529988311E-01    0.7017667504E-01
          69   -0.1060143329E+01   -0.3691083618E-01    0.7017667504E-01    0.1529988311E-01
          70   -0.1060143329E+01    0.1529988311E-01   -0.3691083618E-01    0.7017667504E-01
          71   -0.1024341231E+01   -0.3691654755E-01    0.1521593215E-01   -0.8049245001E+00
          72   -0.1024341231E+01    0.1521593215E-01   -0.3691654755E-01   -0.8049245001E+00
          73   -0.1024341231E+01   -0.3691654755E-01   -0.8049245001E+00    0.1521593215E-01
          74   -0.1024341231E+01   -0.3691654755E-01   -0.8049245001E+00    0.1521593215E-01
          75   -0.1016314637E+01   -0.3697793743E-01   -0.1106239363E+00    0.1517748728E-01
          76   -0.1016314637E+01   -0.3697793743E-01    0.1517748728E-01   -0.1106239363E+00
          77   -0.1016314637E+01   -0.3697793743E-01   -0.1106239363E+00    0.1517748728E-01
          78   -0.1016314637E+01    0.1517748728E-01   -0.3697793743E-01   -0.1106239363E+00
          79   -0.1751914488E+01   -0.3689770181E-01    0.7208065283E+00    0.1530909354E-01
          80   -0.1751914488E+01   -0.3689770181E-01    0.7208065283E+00    0.1530909354E-01
          81   -0.1751914488E+01   -0.3689770181E-01    0.1530909354E-01    0.7208065283E+00
          82   -0.1751914488E+01    0.1530909354E-01   -0.3689770181E-01    0.7208065283E+00
          83   -0.9649433577E+00   -0.3531165955E-01    0.1506795229E-01    0.1456953613E+00
          84   -0.9649433577E+00    0.1506795229E-01   -0.3531165955E-01    0.1456953613E+00
          85   -0.9649433577E+00   -0.3531165955E-01    0.1456953613E+00    0.1506795229E-01
          86   -0.9649433577E+00   -0.3531165955E-01    0.1456953613E+00    0.1506795229E-01
          87   -0.1033523675E+01   -0.3669998495E-01    0.1527712979E-01   -0.5596239811E-01
          88   -0.1033523675E+01    0.1527712979E-01   -0.5596239811E-01   -0.3669998495E-01
          89   -0.1033523675E+01   -0.3669998495E-01   -0.5596239811E-01    0.1527712979E-01
          90   -0.1033523675E+01   -0.5596239811E-01   -0.3669998495E-01    0.1527712979E-01
          91   -0.9998787354E+00   -0.3770856929E-01    0.1517812940E-01   -0.1587743309E-01
          92   -0.9998787354E+00   -0.3770856929E-01    0.1517812940E-01   -0.1587743309E-01
          93   -0.9998787354E+00    0.1517812940E-01   -0.3770856929E-01   -0.1587743309E-01
          94   -0.9998787354E+00   -0.3770856929E-01    0.1517812940E-01   -0.1587743309E-01
          95   -0.1719161501E+01    0.1578161360E-01   -0.4039967130E-01    0.9816300901E+00
          96   -0.1719161501E+01   -0.4039967130E-01    0.1578161360E-01    0.9816300901E+00
          97   -0.1719161501E+01   -0.4039967130E-01    0.1578161360E-01    0.9816300901E+00
          98   -0.1719161501E+01   -0.4039967130E-01    0.1578161360E-01    0.9816300901E+00
          99   -0.7748059563E+00   -0.3606943405E-01    0.1480822621E-01    0.3310449795E+00
         100   -0.7748059563E+00    0.1480822621E-01   -0.3606943405E-01    0.3310449795E+00
