Model_ID, [(c_i,i=0,n)_j,j=1,ntask]
           1   -0.1106372943E+01   -0.3656834556E-01    0.1519620866E-01
           2   -0.1534588470E+01    0.1437125806E-02   -0.3553626588E-01
           3   -0.2171371651E+01    0.2709798081E-02   -0.3824827677E-01
           4   -0.1105163518E+01   -0.2308222352E-02    0.1528012972E-01
           5   -0.7396359838E+01    0.2344137712E+01    0.1729282484E-01
           6   -0.1533480953E+01    0.1443825172E-02   -0.2230241512E-02
           7   -0.1933922492E+01    0.7194407759E-02   -0.1371684787E+00
           8   -0.7531874265E+01    0.2389452347E+01    0.8351558380E-01
           9   -0.8308848122E+01    0.7951387324E+00    0.1553101818E-01
          10   -0.1277649976E+02    0.3345016137E+01    0.1452229179E-04
          11    0.1533176520E+02   -0.5825368244E+02   -0.3910195768E-01
          12   -0.1303289223E+02    0.3441478482E+01   -0.3835215110E-01
          13   -0.5913716966E+01   -0.7966814757E+00    0.4258769659E+00
          14   -0.1151654374E+01    0.1303694874E-04    0.1467656346E-01
          15    0.5999395219E+01   -0.2727407684E+03    0.4071253572E+00
          16   -0.1273863264E+02    0.3304755097E+01    0.7631749175E-04
          17   -0.3687121453E+01    0.6459367157E-01    0.7629322789E-04
          18   -0.7659756882E+01    0.7007881552E+00    0.3789144341E+00
          19    0.1477482431E+02   -0.5655297229E+02    0.1473519949E-04
          20   -0.7323891711E+01    0.2323989100E+01   -0.8091198658E-01
          21   -0.4190003493E+01    0.4739507770E+00   -0.1265810280E+00
          22   -0.7786448890E+01    0.7620189284E+00    0.7280731421E-04
          23   -0.7337568714E+01    0.2326975210E+01   -0.8075596199E-01
          24   -0.3932707652E+01    0.9037074824E-01    0.7890622934E-04
          25   -0.1258766807E+02    0.3312861139E+01    0.1351816372E-04
          26    0.5030816810E+01   -0.4975269168E+02   -0.3630808495E-01
          27   -0.7537995235E+01    0.3727914572E+00    0.3807582789E+00
          28   -0.3938574298E+01    0.6709373330E-01    0.1512221537E-01
          29   -0.1255704091E+02    0.3276236552E+01    0.7118573600E-04
          30   -0.3225054640E+01    0.1268666382E+00   -0.1293621948E+00
          31   -0.3225054640E+01   -0.1293621948E+00    0.1268666382E+00
          32   -0.6876304254E+01    0.2227351638E+01    0.7171792412E-02
          33   -0.1323806605E+02    0.3408960941E+01    0.1498559099E-01
          34   -0.7751611969E+01    0.7698635120E+00    0.1371460277E-04
          35   -0.2166624039E+01    0.2718285352E-02   -0.2379044507E-02
          36   -0.1563439423E+01    0.1389115699E-02    0.1264543477E-04
          37   -0.3611825020E+01    0.6441375388E-01    0.7139697212E-04
          38   -0.7029083005E+01    0.2266659930E+01   -0.2121760791E-01
          39   -0.7122683835E+01    0.2298798276E+01    0.1574103807E-01
          40   -0.1281058456E+02    0.3399216984E+01   -0.3544534708E-01
          41   -0.4390895322E+01    0.2931441954E+00   -0.7858084739E-01
          42   -0.4400530606E+01    0.2935107035E+00   -0.7842652901E-01
          43   -0.1408328605E+01    0.1388840411E-02   -0.9047816914E-04
          44   -0.4016861847E+01    0.6726320260E-01    0.1591217857E-01
          45   -0.8436735939E+01    0.8083338818E+00    0.7441314980E-01
          46   -0.1210872422E+01   -0.1130906549E+00    0.8245935434E-02
          47   -0.3598998017E+01    0.6521045640E-01    0.1426341034E-04
          48    0.2864167418E+01   -0.1157933828E+03    0.1019678028E+00
          49   -0.4850675313E+01    0.1344320152E+00    0.3706138242E+00
          50   -0.4640054112E+01    0.1280782257E+00   -0.7900759224E-01
          51   -0.4650205822E+01    0.1282415821E+00   -0.7886106287E-01
          52    0.6299098415E+01   -0.1168357489E+03   -0.2745195669E+02
          53   -0.9868369043E+00   -0.9170522659E-04    0.1464391014E-01
          54   -0.3849203672E+01    0.9133849288E-01    0.1484195394E-04
          55   -0.4290760759E+01    0.9431024268E-01    0.1655417038E-01
          56   -0.1500948398E+01    0.1470292739E-01   -0.2807181763E-01
          57   -0.7353760418E+01    0.2353270826E+01    0.3747595494E-01
          58   -0.1342776640E+02    0.3438370506E+01    0.1583434458E-01
          59   -0.6947118322E+01    0.2234734013E+01   -0.3050717966E-02
          60   -0.6524422458E+01    0.2180433146E+01    0.4346514766E+00
          61   -0.7181708941E+01    0.3544063985E+00   -0.7992216114E-01
          62   -0.7219944900E+01    0.2263674329E+01   -0.3269933967E-01
          63   -0.7167880886E+01    0.3539398693E+00   -0.8005816825E-01
          64   -0.1779715952E+01    0.1423944923E-02   -0.1177215018E+00
          65   -0.8149366209E+01    0.7723281881E+00   -0.2986044470E-01
          66    0.2599370304E+01    0.2241950648E+02   -0.1311552384E+00
          67   -0.1818408327E+01    0.5454418493E-03   -0.1221577087E+00
          68    0.1445003548E+02   -0.5572909385E+02    0.7614921294E-04
          69   -0.6688522878E+01    0.2200271340E+01    0.6693519181E-02
          70   -0.3587008656E+01    0.6700700988E-01   -0.3745934098E-01
          71    0.5883707854E+01   -0.3249266140E+03   -0.3968521720E-01
          72   -0.7102100585E+01    0.2290229965E+01   -0.7479512500E-01
          73   -0.3403663145E+01    0.5852579216E-01   -0.1262345102E+00
          74   -0.6765938860E+01    0.2190382539E+01    0.3789819923E+00
          75   -0.8294490094E+01    0.7994472794E+00    0.3392607282E-01
          76   -0.2394384263E+01    0.5317151209E-02    0.1515964425E-01
          77    0.5072089824E+01   -0.5011590135E+02   -0.2317353105E-02
          78   -0.7840225517E+01    0.7894219962E+00   -0.3573010839E-01
          79   -0.4637528465E+01    0.1283638079E+00    0.1631429369E-01
          80   -0.6807916758E+01    0.2224400438E+01    0.7802522159E-04
          81   -0.3376323867E+01    0.5894363868E-01   -0.1241710644E+00
          82   -0.6765203034E+01    0.2209453653E+01   -0.2867301585E-02
          83   -0.7251346108E+01    0.2341640386E+01    0.7621386626E-01
          84   -0.8087410331E+01    0.7786669577E+00    0.2039610915E-01
          85    0.6335836826E+01   -0.6087041314E+03   -0.2356660458E+02
          86   -0.4270241455E+01    0.9169076683E-01   -0.3243216457E-01
          87   -0.4416229332E+01    0.1249831949E+00   -0.2072342551E-01
          88   -0.7085406447E+01    0.2286599510E+01   -0.7476114282E-01
          89   -0.4136278112E+01    0.2822768795E+00   -0.2971600108E-02
          90   -0.6829074753E+01    0.2236779876E+01   -0.1978786416E-01
          91   -0.3842498123E+01    0.9393520082E-01   -0.3897267495E-01
          92   -0.3915505770E+01    0.6529420618E-01   -0.2934929820E-01
          93   -0.4305804451E+01    0.1227787014E+00    0.6975696556E-02
          94   -0.7141163731E+01    0.2283463291E+01    0.2232659828E-01
          95   -0.7277291190E+01    0.6650650230E+00   -0.7863548814E-01
          96   -0.7263761165E+01    0.6642156253E+00   -0.7877955896E-01
          97   -0.4944157203E+01    0.4561489105E+00   -0.1234674025E+00
          98   -0.3170128461E+01   -0.3625982825E+00   -0.1294536206E+00
          99    0.6129405565E+01   -0.2577390047E+03   -0.4165897116E-01
         100    0.3332773095E+01   -0.1168603313E+03    0.5300869749E-01
