        Rank        RMSE       MaxAE  Feature_ID
           1    0.177388    0.549973  (    1654      87)
           2    0.181043    0.594127  (      65    1654)
           3    0.184184    0.500827  (     205    1654)
           4    0.185062    0.564804  (    1355      87)
           5    0.185880    0.644686  (     348    1228)
           6    0.189488    0.608382  (      65    1355)
           7    0.190140    0.694927  (     928     391)
           8    0.190929    0.736374  (     348    1639)
           9    0.191601    0.625889  (     179    1228)
          10    0.192138    0.591870  (     259    1301)
          11    0.192617    0.672245  (     300    1654)
          12    0.192691    0.716624  (     259    1654)
          13    0.192700    0.583743  (     566    1963)
          14    0.192840    0.498171  (    1301      87)
          15    0.192907    0.543199  (     488    1963)
          16    0.192943    0.641339  (     259    1313)
          17    0.193166    0.646915  (     260    1313)
          18    0.193234    0.657637  (     337    1963)
          19    0.193290    0.549850  (     300    1301)
          20    0.194219    0.753343  (     348    1710)
          21    0.194227    0.726529  (     472     391)
          22    0.194234    0.647268  (     179    1313)
          23    0.194254    0.751872  (     348    1687)
          24    0.194834    0.641998  (     338    1313)
          25    0.194892    0.620455  (     144    1301)
          26    0.194947    0.738089  (     171    1654)
          27    0.194966    0.663180  (     362    1963)
          28    0.195281    0.658006  (     158    1228)
          29    0.195281    0.632833  (     144    1313)
          30    0.195386    0.825543  (     555     391)
          31    0.195386    0.825543  (     391     555)
          32    0.195435    0.737993  (     348    1369)
          33    0.195764    0.611518  (     144    1228)
          34    0.195963    0.634730  (     179    1301)
          35    0.196022    0.515983  (     205    1355)
          36    0.196062    0.529407  (      65    1301)
          37    0.196239    0.677587  (     158    1313)
          38    0.196548    0.752599  (     348    1139)
          39    0.196563    0.686040  (     244    1228)
          40    0.196612    0.736636  (     144    1654)
          41    0.196618    0.748997  (     309    1710)
          42    0.196651    0.747566  (     309    1687)
          43    0.196751    0.592711  (      65    1374)
          44    0.196980    0.624541  (     260    1228)
          45    0.197089    0.707751  (     179    1639)
          46    0.197225    0.715423  (     391      87)
          47    0.197252    0.633583  (     260    1301)
          48    0.197356    0.656789  (     809    1399)
          49    0.197399    0.680604  (     326    1963)
          50    0.197418    0.722887  (     326    1710)
          51    0.197422    0.721427  (     326    1687)
          52    0.197425    0.650895  (     809    1413)
          53    0.197441    0.548686  (    1374      87)
          54    0.197509    0.628170  (     338    1301)
          55    0.197634    0.618581  (     338    1228)
          56    0.197759    0.613282  (      87    1376)
          57    0.197792    0.705985  (     348    1601)
          58    0.198130    0.581419  (     259    1228)
          59    0.198188    0.712813  (     348    1449)
          60    0.198337    0.599170  (     644    1963)
          61    0.198569    0.704602  (     362    1687)
          62    0.198597    0.766558  (     348    1376)
          63    0.198604    0.706087  (     362    1710)
          64    0.198626    0.660770  (     205     391)
          65    0.198651    0.738422  (     179    1376)
          66    0.198683    0.752063  (     617     391)
          67    0.198699    0.603709  (     329     391)
          68    0.198810    0.684558  (     300    1313)
          69    0.198975    0.743262  (     244    1369)
          70    0.199100    0.756700  (     260    1654)
          71    0.199116    0.624212  (     373    1654)
          72    0.199162    0.785551  (     244    1687)
          73    0.199197    0.611031  (     473     391)
          74    0.199204    0.742342  (     244    1432)
          75    0.199220    0.682015  (     179    1601)
          76    0.199258    0.690604  (     200    1228)
          77    0.199312    0.755360  (     171    1355)
          78    0.199353    0.752244  (     179    1654)
          79    0.199358    0.616299  (     326    1228)
          80    0.199385    0.665955  (     348    1313)
          81    0.199456    0.622448  (     400     391)
          82    0.199500    0.748951  (     244    1449)
          83    0.199583    0.770890  (     244    1639)
          84    0.199585    0.738758  (     179    1298)
          85    0.199619    0.643752  (     427    1413)
          86    0.199668    0.740642  (     338    1376)
          87    0.199692    0.722839  (     326    1139)
          88    0.199753    0.786609  (     244    1710)
          89    0.199819    0.709917  (     309    1449)
          90    0.199830    0.785983  (     244    1139)
          91    0.199848    0.756033  (     338    1654)
          92    0.199857    0.767711  (     158    1376)
          93    0.199922    0.757319  (     326    1369)
          94    0.200029    0.740080  (     348    1298)
          95    0.200073    0.697996  (     337    1687)
          96    0.200076    0.699476  (     337    1710)
          97    0.200089    0.658155  (     375     391)
          98    0.200100    0.799277  (     566     391)
          99    0.200332    0.627123  (     488    1654)
         100    0.200523    0.685090  (     809    1237)
