Model_ID, [(c_i,i=0,n)_j,j=1,ntask]
           1   -0.5580786552E+01    0.2244096709E+01   -0.1564114163E+02   -0.2815987062E-01    0.7879392994E-01
           2   -0.5580786552E+01    0.2244096709E+01   -0.1564114163E+02   -0.2815987062E-01    0.7879392994E-01
           3   -0.5580786552E+01    0.2244096709E+01   -0.2815987062E-01   -0.1564114163E+02    0.7879392994E-01
           4   -0.1392869157E+01   -0.3875568659E-01    0.1501202108E-01    0.3233108681E+00    0.7798658428E-01
           5   -0.1392869157E+01   -0.3875568659E-01    0.1501202108E-01    0.3233108681E+00    0.7798658428E-01
           6   -0.1392869157E+01   -0.3875568659E-01    0.1501202108E-01    0.3233108681E+00    0.7798658428E-01
           7   -0.1392869157E+01    0.1501202108E-01   -0.3875568659E-01    0.3233108681E+00    0.7798658428E-01
           8   -0.1392869157E+01    0.1501202108E-01   -0.3875568659E-01    0.3233108681E+00    0.7798658428E-01
           9   -0.1392869157E+01    0.1501202108E-01   -0.3875568659E-01    0.3233108681E+00    0.7798658428E-01
          10   -0.5609230709E+01    0.2248167476E+01   -0.1541606379E+02    0.5629589260E+00   -0.2816963586E-01
          11   -0.5609230709E+01    0.2248167476E+01   -0.1541606379E+02   -0.2816963586E-01    0.5629589260E+00
          12   -0.5609230709E+01    0.2248167476E+01   -0.1541606379E+02   -0.2816963586E-01    0.5629589260E+00
          13   -0.5609230709E+01    0.2248167476E+01   -0.2816963586E-01   -0.1541606379E+02    0.5629589260E+00
          14   -0.5609230709E+01    0.2248167476E+01   -0.1541606379E+02   -0.2816963586E-01    0.5629589260E+00
          15   -0.5609230709E+01    0.2248167476E+01   -0.2816963586E-01   -0.1541606379E+02    0.5629589260E+00
          16   -0.5593882734E+01    0.2241907906E+01   -0.1532661862E+02   -0.2813246465E-01    0.1270206354E-01
          17   -0.5593882734E+01    0.2241907906E+01   -0.1532661862E+02    0.1270206354E-01   -0.2813246465E-01
          18   -0.5593882734E+01    0.2241907906E+01   -0.2813246465E-01   -0.1532661862E+02    0.1270206354E-01
          19   -0.1304755461E+01   -0.3190446046E-01    0.5982789453E-01    0.1510204029E-01    0.2684771983E+00
          20   -0.1304755461E+01   -0.3190446046E-01    0.5982789453E-01    0.1510204029E-01    0.2684771983E+00
          21   -0.1304755461E+01    0.1510204029E-01   -0.3190446046E-01    0.5982789453E-01    0.2684771983E+00
          22   -0.1304755461E+01    0.1510204029E-01    0.5982789453E-01    0.2684771983E+00   -0.3190446046E-01
          23   -0.1304755461E+01    0.5982789453E-01    0.1510204029E-01    0.2684771983E+00   -0.3190446046E-01
          24   -0.1304755461E+01   -0.3190446046E-01    0.1510204029E-01    0.5982789453E-01    0.2684771983E+00
          25   -0.1166441863E+01    0.1484785791E-01    0.5050549477E-01   -0.3652561136E-01   -0.3703945962E-01
          26   -0.1166441863E+01    0.5050549477E-01    0.1484785791E-01   -0.3652561136E-01   -0.3703945962E-01
          27   -0.1166441863E+01   -0.3652561136E-01    0.5050549477E-01    0.1484785791E-01   -0.3703945962E-01
          28   -0.1166441863E+01   -0.3652561136E-01    0.5050549477E-01    0.1484785791E-01   -0.3703945962E-01
          29   -0.1166441863E+01    0.1484785791E-01   -0.3652561136E-01    0.5050549477E-01   -0.3703945962E-01
          30   -0.1166441863E+01   -0.3652561136E-01    0.1484785791E-01    0.5050549477E-01   -0.3703945962E-01
          31   -0.1380934889E+01   -0.3711131435E-01    0.1497403596E-01    0.4896668797E-04    0.3387924564E+00
          32   -0.1380934889E+01   -0.3711131435E-01    0.1497403596E-01    0.4896668797E-04    0.3387924564E+00
          33   -0.1380934889E+01   -0.3711131435E-01    0.1497403596E-01    0.4896668797E-04    0.3387924564E+00
          34   -0.1380934889E+01   -0.3711131435E-01    0.1497403596E-01    0.4896668797E-04    0.3387924564E+00
          35   -0.1380934889E+01    0.1497403596E-01   -0.3711131435E-01    0.4896668797E-04    0.3387924564E+00
          36   -0.1380934889E+01    0.1497403596E-01    0.4896668797E-04   -0.3711131435E-01    0.3387924564E+00
          37   -0.1380934889E+01    0.4896668797E-04   -0.3711131435E-01    0.1497403596E-01    0.3387924564E+00
          38   -0.1380934889E+01    0.1497403596E-01    0.4896668797E-04   -0.3711131435E-01    0.3387924564E+00
          39   -0.1380934889E+01    0.1497403596E-01    0.4896668797E-04   -0.3711131435E-01    0.3387924564E+00
          40   -0.1380934889E+01    0.1497403596E-01    0.4896668797E-04   -0.3711131435E-01    0.3387924564E+00
          41   -0.1380934889E+01   -0.3711131435E-01    0.4896668797E-04    0.1497403596E-01    0.3387924564E+00
          42   -0.1380934889E+01    0.4896668797E-04    0.1497403596E-01   -0.3711131435E-01    0.3387924564E+00
          43   -0.5626085287E+01    0.2252943696E+01   -0.1539287946E+02    0.9007882349E+00   -0.2816265837E-01
          44   -0.5626085287E+01    0.2252943696E+01   -0.2816265837E-01   -0.1539287946E+02    0.9007882349E+00
          45   -0.5626085287E+01    0.2252943696E+01   -0.2816265837E-01   -0.1539287946E+02    0.9007882349E+00
          46   -0.5626085287E+01    0.2252943696E+01   -0.1539287946E+02   -0.2816265837E-01    0.9007882349E+00
          47   -0.5626085287E+01    0.2252943696E+01   -0.1539287946E+02   -0.2816265837E-01    0.9007882349E+00
          48   -0.5626085287E+01    0.2252943696E+01   -0.1539287946E+02   -0.2816265837E-01    0.9007882349E+00
          49   -0.1388743453E+01   -0.3863793157E-01    0.1503202901E-01    0.3152666117E+00    0.5620175429E+00
          50   -0.1388743453E+01    0.1503202901E-01    0.5620175429E+00   -0.3863793157E-01    0.3152666117E+00
          51   -0.1388743453E+01   -0.3863793157E-01    0.1503202901E-01    0.3152666117E+00    0.5620175429E+00
          52   -0.1388743453E+01   -0.3863793157E-01    0.5620175429E+00    0.1503202901E-01    0.3152666117E+00
          53   -0.1388743453E+01    0.1503202901E-01   -0.3863793157E-01    0.3152666117E+00    0.5620175429E+00
          54   -0.1388743453E+01    0.1503202901E-01   -0.3863793157E-01    0.3152666117E+00    0.5620175429E+00
          55   -0.1388743453E+01   -0.3863793157E-01    0.1503202901E-01    0.3152666117E+00    0.5620175429E+00
          56   -0.1388743453E+01   -0.3863793157E-01    0.5620175429E+00    0.1503202901E-01    0.3152666117E+00
          57   -0.1388743453E+01    0.5620175429E+00    0.1503202901E-01   -0.3863793157E-01    0.3152666117E+00
          58   -0.1388743453E+01    0.1503202901E-01   -0.3863793157E-01    0.3152666117E+00    0.5620175429E+00
          59   -0.1388743453E+01   -0.3863793157E-01    0.1503202901E-01    0.5620175429E+00    0.3152666117E+00
          60   -0.1388743453E+01    0.1503202901E-01   -0.3863793157E-01    0.5620175429E+00    0.3152666117E+00
          61   -0.1234058856E+01    0.1937210002E+00    0.1536067906E-01    0.8341709951E-01   -0.3770012745E-01
          62   -0.1234058856E+01    0.1536067906E-01   -0.3770012745E-01    0.1937210002E+00    0.8341709951E-01
          63   -0.1234058856E+01   -0.3770012745E-01    0.1937210002E+00    0.1536067906E-01    0.8341709951E-01
          64   -0.1234058856E+01    0.1536067906E-01    0.1937210002E+00    0.8341709951E-01   -0.3770012745E-01
          65   -0.1234058856E+01   -0.3770012745E-01    0.1937210002E+00    0.1536067906E-01    0.8341709951E-01
          66   -0.1234058856E+01   -0.3770012745E-01    0.1536067906E-01    0.1937210002E+00    0.8341709951E-01
          67   -0.1167210156E+01    0.1485535893E-01    0.5128819770E-01   -0.4841238760E-02   -0.3651952556E-01
          68   -0.1167210156E+01    0.1485535893E-01   -0.3651952556E-01    0.5128819770E-01   -0.4841238760E-02
          69   -0.1167210156E+01   -0.3651952556E-01    0.1485535893E-01    0.5128819770E-01   -0.4841238760E-02
          70   -0.1167210156E+01   -0.3651952556E-01    0.5128819770E-01    0.1485535893E-01   -0.4841238760E-02
          71   -0.1167210156E+01    0.5128819770E-01    0.1485535893E-01   -0.4841238760E-02   -0.3651952556E-01
          72   -0.1167210156E+01   -0.3651952556E-01    0.5128819770E-01    0.1485535893E-01   -0.4841238760E-02
          73   -0.5625709822E+01    0.2255029276E+01   -0.1546624016E+02   -0.2797604592E-01    0.9411330229E-01
          74   -0.5625709822E+01    0.2255029276E+01   -0.2797604592E-01   -0.1546624016E+02    0.9411330229E-01
          75   -0.5625709822E+01    0.2255029276E+01   -0.1546624016E+02   -0.2797604592E-01    0.9411330229E-01
          76   -0.5625709822E+01    0.2255029276E+01   -0.1546624016E+02    0.9411330229E-01   -0.2797604592E-01
          77   -0.5625709822E+01    0.2255029276E+01   -0.2797604592E-01   -0.1546624016E+02    0.9411330229E-01
          78   -0.5625709822E+01    0.2255029276E+01   -0.1546624016E+02   -0.2797604592E-01    0.9411330229E-01
          79   -0.1059881124E+01    0.1492714856E-01   -0.4434243736E+00   -0.3854542566E-01    0.7512693671E-01
          80   -0.1059881124E+01    0.1492714856E-01   -0.3854542566E-01   -0.4434243736E+00    0.7512693671E-01
          81   -0.1059881124E+01    0.1492714856E-01   -0.4434243736E+00   -0.3854542566E-01    0.7512693671E-01
          82   -0.1059881124E+01   -0.3854542566E-01    0.1492714856E-01   -0.4434243736E+00    0.7512693671E-01
          83   -0.1059881124E+01   -0.3854542566E-01    0.1492714856E-01   -0.4434243736E+00    0.7512693671E-01
          84   -0.1059881124E+01   -0.3854542566E-01    0.1492714856E-01   -0.4434243736E+00    0.7512693671E-01
          85   -0.1218041583E+01    0.6848467440E-01    0.1526150057E-01    0.8535072734E-01   -0.3756459545E-01
          86   -0.1218041583E+01   -0.3756459545E-01    0.1526150057E-01    0.6848467440E-01    0.8535072734E-01
          87   -0.1218041583E+01    0.1526150057E-01    0.6848467440E-01    0.8535072734E-01   -0.3756459545E-01
          88   -0.1218041583E+01    0.1526150057E-01   -0.3756459545E-01    0.6848467440E-01    0.8535072734E-01
          89   -0.1218041583E+01   -0.3756459545E-01    0.6848467440E-01    0.1526150057E-01    0.8535072734E-01
          90   -0.1218041583E+01   -0.3756459545E-01    0.6848467440E-01    0.1526150057E-01    0.8535072734E-01
          91   -0.1224983700E+01   -0.3751040438E-01    0.1531602853E-01    0.2305074477E-01    0.8982141426E-01
          92   -0.1224983700E+01   -0.3751040438E-01    0.2305074477E-01    0.1531602853E-01    0.8982141426E-01
          93   -0.1224983700E+01   -0.3751040438E-01    0.2305074477E-01    0.1531602853E-01    0.8982141426E-01
          94   -0.1224983700E+01    0.1531602853E-01    0.2305074477E-01    0.8982141426E-01   -0.3751040438E-01
          95   -0.1224983700E+01    0.2305074477E-01    0.1531602853E-01    0.8982141426E-01   -0.3751040438E-01
          96   -0.1224983700E+01    0.1531602853E-01   -0.3751040438E-01    0.2305074477E-01    0.8982141426E-01
          97   -0.1038751723E+01    0.1534204989E-01   -0.3786514371E-01   -0.1771730426E+01    0.8184507824E-01
          98   -0.1038751723E+01   -0.1771730426E+01    0.1534204989E-01    0.8184507824E-01   -0.3786514371E-01
          99   -0.1038751723E+01   -0.3786514371E-01    0.1534204989E-01   -0.1771730426E+01    0.8184507824E-01
         100   -0.1038751723E+01   -0.3786514371E-01   -0.1771730426E+01    0.1534204989E-01    0.8184507824E-01
