        Rank        RMSE       MaxAE  Feature_ID
           1    0.278381    0.785879  (      17)
           2    0.285929    0.839068  (      55)
           3    0.288367    0.708790  (      65)
           4    0.289355    0.868748  (      75)
           5    0.290498    0.866191  (      85)
           6    0.290631    0.855958  (      86)
           7    0.292419    0.854120  (      97)
           8    0.293818    0.774235  (     106)
           9    0.294075    0.744496  (     107)
          10    0.294093    0.749064  (     108)
          11    0.297227    0.764846  (     136)
          12    0.297933    0.725310  (     144)
          13    0.299044    0.768128  (     158)
          14    0.299578    0.790786  (     159)
          15    0.300650    0.723899  (     171)
          16    0.300981    0.738615  (     179)
          17    0.302026    0.797825  (     200)
          18    0.302635    0.743246  (     205)
          19    0.304254    0.767125  (     217)
          20    0.304887    0.789694  (     225)
          21    0.304927    0.778445  (     226)
          22    0.306162    0.721045  (     240)
          23    0.306338    0.793105  (     244)
          24    0.306490    0.709367  (     246)
          25    0.306663    0.825296  (     247)
          26    0.308312    0.713904  (     259)
          27    0.308395    0.736689  (     260)
          28    0.308930    0.830606  (     265)
          29    0.310191    0.762766  (     275)
          30    0.310887    0.801081  (     283)
          31    0.310974    0.787146  (     285)
          32    0.310990    0.786824  (     286)
          33    0.310990    0.786824  (     287)
          34    0.311006    0.786501  (     288)
          35    0.311620    0.756063  (     300)
          36    0.311792    0.866456  (     301)
          37    0.312667    0.753031  (     309)
          38    0.313076    0.808128  (     318)
          39    0.313126    0.799160  (     319)
          40    0.313588    0.892204  (     321)
          41    0.314100    0.728537  (     326)
          42    0.314380    0.721160  (     329)
          43    0.314397    0.882782  (     330)
          44    0.314783    0.899425  (     334)
          45    0.315268    0.718369  (     337)
          46    0.315533    0.730395  (     338)
          47    0.316316    0.753421  (     348)
          48    0.316864    0.805286  (     357)
          49    0.316889    0.809900  (     358)
          50    0.316947    0.782104  (     359)
          51    0.317136    0.721441  (     362)
          52    0.318222    0.798244  (     373)
          53    0.318345    0.790060  (     375)
          54    0.322036    0.818907  (     427)
          55    0.322094    0.800523  (     428)
          56    0.322540    0.818424  (     436)
          57    0.322828    0.820710  (     438)
          58    0.323638    0.877423  (     447)
          59    0.326046    0.835066  (     472)
          60    0.326062    0.767276  (     473)
          61    0.326131    0.822954  (     474)
          62    0.327692    0.771584  (     488)
          63    0.327962    0.779294  (     492)
          64    0.329375    0.783211  (     505)
          65    0.332533    0.829531  (     538)
          66    0.333302    0.868727  (     544)
          67    0.334782    0.735628  (     555)
          68    0.335911    0.732716  (     566)
          69    0.337325    1.187411  (     577)
          70    0.338129    0.808371  (     590)
          71    0.340183    0.767138  (     607)
          72    0.340996    0.753408  (     617)
          73    0.341245    0.847723  (     621)
          74    0.341659    0.848311  (     626)
          75    0.342929    0.751034  (     644)
          76    0.343056    0.910259  (     652)
          77    0.343752    0.803761  (     664)
          78    0.343876    0.823614  (     665)
          79    0.347064    0.835189  (     705)
          80    0.347140    0.970282  (     709)
          81    0.347178    0.872132  (     711)
          82    0.347822    1.298567  (     724)
          83    0.347861    0.792506  (     725)
          84    0.348342    1.004682  (     731)
          85    0.350997    0.763409  (     773)
          86    0.351140    1.001454  (     777)
          87    0.352341    0.865502  (     799)
          88    0.352597    0.763613  (     803)
          89    0.352705    0.810726  (     807)
          90    0.352756    0.823697  (     809)
          91    0.353118    0.951214  (     816)
          92    0.354781    0.941180  (     847)
          93    0.354933    0.837605  (     851)
          94    0.355354    0.869586  (     859)
          95    0.356263    0.893653  (     871)
          96    0.357509    0.839044  (     889)
          97    0.358122    0.772024  (     895)
          98    0.358419    0.982279  (     899)
          99    0.360047    0.773976  (     928)
         100    0.360837    0.767919  (     945)
