    0.3312950540E-01
   -0.9635796200E-01
   -0.1549563931E+00
    0.2394929250E+00
    0.1094110100E+00
   -0.1372894378E+00
    0.1295529973E+00
   -0.1180588380E+00
    0.6377136900E-01
   -0.7123044200E-01
   -0.1553843999E+00
    0.5926750871E+00
   -0.3660303620E+00
    0.1240412779E+00
   -0.1143533436E+00
   -0.1500712000E-02
    0.2624890200E-01
    0.3183872273E+00
   -0.1543245410E+00
    0.3002243200E+00
   -0.3699983075E+00
   -0.3152798590E+00
    0.4201246000E-01
   -0.3989983075E+00
    0.5357228900E-01
   -0.4438769186E+00
    0.8466754100E-02
    0.1074314400E+00
   -0.8400942100E-01
   -0.1995283886E+00
    0.1452694350E+00
    0.1441819955E+00
    0.1008470420E+00
   -0.8254602740E-01
   -0.2772453270E+00
    0.1821195710E+00
    0.3260637000E-02
   -0.8966066300E-01
    0.1210716709E+00
   -0.4509334539E+00
    0.3199347820E+00
   -0.2437820061E+00
   -0.1001874910E+00
   -0.7858792160E+00
   -0.4005759567E+00
    0.4024472523E+00
    0.1443836861E+00
    0.3642873950E+00
   -0.1388693791E+00
    0.3999322360E+00
   -0.2499877882E+00
   -0.1111755895E+00
   -0.6298643621E+00
    0.1228225790E+00
   -0.1347789141E+00
   -0.3217799320E+00
    0.3465202816E+00
   -0.1749692620E+00
   -0.2767758206E+00
   -0.3366961640E+00
   -0.1321624290E+00
    0.3722552700E-01
    0.4574111600E+00
   -0.3213272860E+00
    0.4341941060E+00
    0.2602306250E+00
    0.1162182069E+00
    0.2127161038E+00
    0.1780345622E+00
   -0.4755075970E+00
   -0.7893796000E-02
   -0.1294199773E+00
   -0.6022131870E-01
    0.2841580880E+00
    0.2150340715E+00
    0.5764251056E+00
   -0.2334732533E+00
    0.2271877192E+00
    0.5590870747E+00
    0.5746405790E+00
   -0.1672017309E+00
   -0.5430807900E-02
   -0.3250489250E+00
    0.6002335049E+00
   -0.2887144980E+00
    0.4954784770E+00
    0.2259551860E+00
    0.1421443660E+00
   -0.2115741920E+00
   -0.8955491020E-01
   -0.2047930717E+00
    0.9694179490E-01
   -0.3240282030E+00
    0.8087869050E-01
    0.3236203362E+00
   -0.5103133120E+00
    0.1251243410E+00
    0.3352595410E+00
   -0.3537953162E+00
   -0.5223543666E+00
    0.1596583090E+00
    0.3115786806E+00
   -0.3689013920E-01
   -0.6227341500E-01
    0.4383926500E-01
    0.3124441620E+00
    0.7704998740E-01
   -0.7212156420E-01
    0.1732343335E+00
   -0.4068846130E-01
   -0.2247456860E+00
    0.1294435311E+00
    0.4174087200E-01
    0.3373480830E-01
