    0.2049458217E+00
   -0.2180277740E-01
    0.6464471860E-01
    0.1455198450E+00
    0.6354644200E-01
   -0.9659386990E-01
   -0.4431650410E-01
   -0.9600394500E-01
    0.2145463690E+00
   -0.9787098200E-01
   -0.3227573803E+00
    0.4644244200E-01
   -0.1896802163E+00
   -0.3228332170E-01
    0.4537597630E-01
    0.1262957662E+00
   -0.1845895040E+00
    0.4511422600E-01
   -0.8342205500E-01
    0.8134991300E-01
    0.6184055800E-02
   -0.9713299800E-01
   -0.9413729500E-01
   -0.2281594420E-01
    0.1637777540E+00
   -0.3541357237E+00
    0.5815211600E-01
    0.2060226949E+00
   -0.3626552100E-01
   -0.1538412344E+00
    0.5577861200E-01
    0.8149945300E-01
   -0.3637058200E-01
    0.7403517400E-02
   -0.2327026210E+00
    0.8316417710E-01
    0.8529706360E-01
   -0.7869376100E-01
   -0.8148890200E-02
   -0.3056007511E+00
    0.2925325280E+00
    0.4569013500E-01
   -0.1138566980E+00
   -0.5499734620E+00
   -0.2281968739E+00
   -0.7558373700E-02
   -0.1911684097E+00
    0.7351309400E-01
    0.2828487850E+00
    0.4198068913E+00
   -0.2072001843E+00
    0.8714746640E-01
   -0.3573137473E+00
    0.3118841850E+00
   -0.8025297550E-01
   -0.9014519400E-01
    0.2904648594E+00
   -0.1271017920E+00
    0.3121431480E-01
    0.2489777477E-01
   -0.4450351630E-01
   -0.1207078790E+00
    0.2925272900E+00
    0.4601949000E-01
    0.1799156860E+00
    0.2512275550E+00
    0.4510360940E-01
   -0.1051939135E+00
    0.1687497046E+00
   -0.1876590760E+00
    0.1503427790E+00
    0.1531725953E+00
   -0.9180355490E-01
   -0.2640488200E-01
    0.5202403050E-01
    0.7157483700E-01
    0.4930884680E-01
    0.1578219058E+00
    0.7269564900E-01
    0.3442076750E+00
    0.1197621792E+00
    0.3787361440E-01
   -0.3560531270E+00
    0.2907807000E-01
   -0.1899113300E-01
    0.1399461106E+00
   -0.7432072200E-01
   -0.2723178600E-01
   -0.2353144090E+00
   -0.4860456860E-01
   -0.2928817150E+00
    0.6613715500E-02
   -0.2895527672E+00
   -0.1089663202E+00
    0.8509219170E-01
   -0.5191320920E+00
    0.2370978658E+00
    0.3388981740E+00
    0.3818500490E-01
   -0.1238196542E+00
    0.2364551880E+00
    0.1700292000E+00
   -0.7613793470E-01
   -0.2180319880E+00
    0.4795439000E-02
    0.1806945350E+00
   -0.4346929510E-01
   -0.6872844510E-01
   -0.1293283100E-01
    0.2570741110E-01
   -0.1732357260E+00
    0.2343457793E+00
    0.6994997400E-01
    0.1713338196E+00
