    0.1811752450E+00
    0.3266622300E-01
    0.2189547360E-01
    0.2688123700E-01
    0.1216109420E+00
   -0.7326516590E-01
   -0.5773007460E-01
    0.2059777940E+00
    0.3766986900E-01
   -0.8017989000E-01
   -0.2434363021E+00
   -0.1974254800E-01
   -0.7414301540E-01
   -0.4568707700E-01
    0.8437404875E-01
    0.1409669514E+00
   -0.2044212600E+00
    0.6110110920E-01
    0.7784266600E-01
    0.4403070500E-01
   -0.2049332530E-01
   -0.1503999780E+00
   -0.4519791700E-01
   -0.4949332530E-01
    0.1027618130E+00
   -0.2620205576E+00
    0.7477829150E-01
    0.2307459260E+00
   -0.1325807000E+00
   -0.1760188426E+00
    0.8974826000E-02
    0.8118159000E-02
   -0.1033392800E+00
   -0.1429677562E+00
    0.2751173800E-01
    0.5232164750E-01
    0.1109793002E+00
    0.9871236000E-01
    0.7068955330E-01
   -0.3375057216E+00
    0.3300391350E+00
   -0.6896407180E-01
    0.1917248690E+00
   -0.5708505040E+00
   -0.1207363124E+00
   -0.3149204180E-01
   -0.2382643278E+00
   -0.1238159200E-01
    0.2019511286E+00
    0.3095689050E+00
   -0.1993824503E+00
   -0.3274900510E-01
   -0.4093084403E+00
    0.1143987500E+00
   -0.8195351950E-01
   -0.1474632290E+00
    0.1911396070E+00
    0.5820971800E-01
    0.2546796950E-01
   -0.6552356100E-02
   -0.9049416880E-01
   -0.1412036950E+00
    0.2086375780E+00
   -0.3724377600E-01
    0.1475264000E+00
    0.1762782370E+00
    0.1503567950E-01
   -0.8984389170E-01
    0.2667187230E+00
   -0.2516948340E+00
    0.1738120840E+00
    0.1321113153E+00
   -0.4838077270E-01
   -0.4043108300E-01
    0.3712552990E-01
    0.8310217000E-02
    0.9242136710E-01
    0.2043328054E+00
    0.1128018000E-01
    0.2423928840E+00
    0.1631425042E+00
    0.5433980300E-01
   -0.3598859200E-01
   -0.3567380200E-01
   -0.8356267000E-01
    0.1156717054E+00
   -0.9469882300E-01
   -0.5710209000E-01
    0.9551038900E-01
   -0.1506785100E-01
   -0.2077568596E+00
   -0.1956871450E-01
   -0.2850573473E+00
   -0.1218018771E+00
    0.6295227990E-01
   -0.1975105660E+00
    0.8111506040E-01
    0.2360010980E+00
    0.8954291850E-02
   -0.1545694962E+00
    0.1508866350E+00
    0.1776732270E+00
   -0.6003195340E-01
   -0.2868609530E+00
   -0.7063801200E-01
    0.1386169340E+00
   -0.6873848340E-01
   -0.8453928040E-01
   -0.2787953850E-01
    0.4219584730E-01
   -0.1106073200E-01
    0.2464245409E+00
    0.3237782500E-01
    0.1899893486E+00
