     Index       y_measurement           y_fitting        descriptor_1        descriptor_2        descriptor_3
         1    0.5100000000E+01    0.5278463044E+01   -0.1979949391E+01    0.1810780076E+00   -0.9680675374E+00
         2    0.2308000000E+01    0.2176371848E+01   -0.7881855765E+00   -0.3108931062E-01   -0.8222890601E+00
         3    0.2009000000E+01    0.1957403172E+01   -0.6784823421E+00   -0.3899609599E-01   -0.5048045977E+00
         4    0.2043000000E+01    0.2214342939E+01   -0.5756489215E+00   -0.2840272786E+00   -0.2148889071E+00
         5    0.2182000000E+01    0.2123370945E+01   -0.7429674163E+00   -0.2560461842E-01   -0.5063838127E+00
         6    0.1827000000E+01    0.2089896362E+01   -0.7589789001E+00   -0.3317601248E-01   -0.8335881384E+00
         7    0.3277000000E+01    0.3048630702E+01   -0.9737195888E+00   -0.5079284929E-01    0.1296768482E+00
         8    0.1946000000E+01    0.1863661371E+01   -0.6467351737E+00   -0.4359565528E-01   -0.5317320171E+00
         9    0.4868000000E+01    0.5017141701E+01   -0.1667108739E+01   -0.3359796204E-01   -0.1050017908E+00
        10    0.4069000000E+01    0.4119563005E+01   -0.1427224969E+01   -0.5740961426E-01   -0.8800514886E+00
        11    0.2358000000E+01    0.1939458960E+01   -0.6243951994E+00   -0.3919007409E-01   -0.1713014797E-01
        12    0.3282000000E+01    0.2926762026E+01   -0.9358424511E+00   -0.5737602602E-01    0.5611962532E-01
        13    0.4991000000E+01    0.4925831338E+01   -0.1563685119E+01   -0.2954300830E-01    0.6628946194E+00
        14    0.1969000000E+01    0.1637573982E+01   -0.7606354515E+00    0.1911081218E+00   -0.8978792601E+00
        15    0.1879000000E+01    0.2048176485E+01   -0.6939106557E+00   -0.3161088686E-01   -0.3034832230E+00
        16    0.5889000000E+01    0.5694745956E+01   -0.1938984621E+01   -0.3638236962E-01   -0.5813108150E+00
        17    0.1375000000E+01    0.1731315667E+01   -0.5258451918E+00   -0.5739133309E-01    0.1552732290E+00
        18    0.3378000000E+01    0.3441745036E+01   -0.1438642768E+01    0.2993604969E+00   -0.9296750311E+00
        19    0.2189000000E+01    0.2101420181E+01   -0.7422251911E+00   -0.2601770060E-01   -0.5763252061E+00
        20    0.1049000000E+01    0.1069351716E+01   -0.5369877957E+00    0.2924902733E+00    0.1165850311E+00
        21    0.2367000000E+01    0.1943567420E+01   -0.6585348183E+00   -0.3465299080E-01   -0.3201440689E+00
        22    0.1460000000E+01    0.1885305447E+01   -0.6728271358E+00   -0.3086353778E-01   -0.6386538159E+00
        23    0.4967000000E+01    0.5145159570E+01   -0.1948847503E+01    0.2000085879E+00   -0.9796616979E+00
        24    0.2056000000E+01    0.1949304268E+01   -0.6940417364E+00   -0.7097110415E-01   -0.9034223476E+00
        25    0.4589000000E+01    0.4176721043E+01   -0.1492879965E+01    0.1879310089E+00    0.2796734324E+00
        26    0.5340000000E+01    0.5352367278E+01   -0.2006811063E+01    0.1798322621E+00   -0.9979024051E+00
        27    0.2210000000E+01    0.2110302083E+01   -0.6723992082E+00   -0.6505684547E-01   -0.9577276111E-01
        28    0.2286000000E+01    0.2153335783E+01   -0.7929245168E+00   -0.3243572914E-01   -0.9578806827E+00
        29    0.1786000000E+01    0.1876215284E+01   -0.6778293973E+00   -0.2901996111E-01   -0.7082083469E+00
        30    0.4936000000E+01    0.5211337777E+01   -0.1718708575E+01   -0.3008811691E-01    0.5481126918E-01
        31    0.1656000000E+01    0.1782207057E+01   -0.6614805378E+00   -0.4384212860E-01   -0.9606776074E+00
        32    0.1157000000E+01    0.1269635246E+01   -0.6664150728E+00    0.3494332327E+00   -0.1387632333E+00
        33    0.1436000000E+01    0.1380056953E+01   -0.6862843839E+00    0.2205377091E+00   -0.8226943006E+00
        34    0.5750000000E+00    0.8975257410E+00   -0.4913085218E+00    0.3110396925E+00    0.1195394927E+00
        35    0.4889000000E+01    0.5327995873E+01   -0.1770782902E+01   -0.3408659620E-01   -0.1041820341E+00
        36    0.1629000000E+01    0.1554730186E+01   -0.7479876087E+00    0.3163244686E+00   -0.2179756507E+00
        37    0.2022000000E+01    0.2108628841E+01   -0.6859995158E+00   -0.6003819098E-01   -0.2063839563E+00
        38    0.1673000000E+01    0.1729547629E+01   -0.7589823267E+00    0.1633527469E+00   -0.7526243674E+00
        39    0.1223000000E+01    0.1018337863E+01   -0.6774332663E+00    0.3786617669E+00   -0.9119408684E+00
        40    0.1890000000E+01    0.1973669865E+01   -0.7316200781E+00   -0.3824726292E-01   -0.9848427174E+00
        41    0.1582000000E+01    0.1963750794E+01   -0.7893127382E+00    0.1371210287E+00   -0.4382201239E+00
        42    0.3462000000E+01    0.3039514223E+01   -0.1128181141E+01    0.2596332950E+00    0.5937467568E+00
        43    0.4290000000E+01    0.4149480605E+01   -0.1451262442E+01   -0.5208091439E-01   -0.9871804748E+00
        44    0.1345000000E+01    0.1404678693E+01   -0.6242168111E+00    0.2048619069E+00   -0.2119616610E+00
        45    0.2375000000E+01    0.2167681534E+01   -0.7915183946E+00   -0.3279154968E-01   -0.8971024240E+00
        46    0.2041000000E+01    0.2025051978E+01   -0.6490066791E+00   -0.6853420157E-01   -0.1712843760E+00
        47    0.2028000000E+01    0.2092597387E+01   -0.7340607140E+00   -0.2630707846E-01   -0.5252596172E+00
        48    0.1859000000E+01    0.1955034024E+01   -0.6775752802E+00   -0.3957177910E-01   -0.5074779191E+00
        49    0.1960000000E+01    0.1846592889E+01   -0.6431069259E+00   -0.4378374704E-01   -0.5542015183E+00
        50    0.1413000000E+01    0.1628885725E+01   -0.7265200128E+00    0.2091784178E+00   -0.4602462504E+00
        51    0.1521000000E+01    0.1835630191E+01   -0.5893213998E+00   -0.4311739745E-01   -0.4009725622E-01
        52    0.1776000000E+01    0.1887010882E+01   -0.6836864693E+00   -0.4217460022E-01   -0.8185644207E+00
        53    0.2078000000E+01    0.1943300161E+01   -0.6730399704E+00   -0.3887749185E-01   -0.4966861857E+00
        54    0.4720000000E+01    0.4865687577E+01   -0.1745813545E+01    0.1720771414E+00   -0.5228663762E-01
        55    0.1393000000E+01    0.1251227549E+01   -0.7313268265E+00    0.3487369825E+00   -0.8662236398E+00
        56    0.1370000000E+01    0.1378516175E+01   -0.6139698533E+00    0.2546369804E+00    0.1344361400E+00
        57    0.8810000000E+00    0.1033080090E+01   -0.6169179299E+00    0.3703705040E+00   -0.3014870580E+00
        58    0.1497000000E+01    0.1768367064E+01   -0.6163485982E+00   -0.4737274887E-01   -0.5723090181E+00
        59    0.2129000000E+01    0.1974582545E+01   -0.7196633154E+00   -0.3666292765E-01   -0.8495910957E+00
        60    0.1995000000E+01    0.2067467808E+01   -0.7583478261E+00   -0.3542198218E-01   -0.9184851898E+00
        61    0.4181000000E+01    0.4067183565E+01   -0.1410999674E+01   -0.5886603142E-01   -0.9030816239E+00
        62    0.1786000000E+01    0.1581795878E+01   -0.6913827655E+00    0.1573916528E+00   -0.6078954207E+00
        63    0.1222000000E+01    0.1269921317E+01   -0.6326757134E+00    0.2383614892E+00   -0.5338768279E+00
        64    0.1536000000E+01    0.1435945425E+01   -0.7799860648E+00    0.3281090245E+00   -0.8694216145E+00
        65    0.5676000000E+01    0.5779153220E+01   -0.1982398611E+01   -0.3096827377E-01   -0.6993968739E+00
        66    0.2386000000E+01    0.2138333572E+01   -0.7884880114E+00   -0.3223945839E-01   -0.9625367032E+00
        67    0.2282000000E+01    0.2008350891E+01   -0.7121650709E+00   -0.2822967578E-01   -0.6022299067E+00
        68    0.1772000000E+01    0.2043792556E+01   -0.7236695613E+00   -0.2732977149E-01   -0.5925649208E+00
        69    0.2244000000E+01    0.2274115455E+01   -0.6709042967E+00   -0.2848713632E+00   -0.9857291755E+00
        70    0.1915000000E+01    0.2017886779E+01   -0.7404280936E+00   -0.3732273107E-01   -0.9177117564E+00
        71    0.2279000000E+01    0.2142241958E+01   -0.7838929766E+00   -0.3322271840E-01   -0.9090415288E+00
        72    0.1174000000E+01    0.1262025482E+01   -0.6664150728E+00    0.3455245835E+00   -0.1906870986E+00
        73    0.1224000000E+01    0.1281838148E+01   -0.6331292444E+00    0.2356028385E+00   -0.5162729986E+00
        74    0.2324000000E+01    0.2079945004E+01   -0.6718551959E+00   -0.6257788226E-01   -0.1771053874E+00
        75    0.4387000000E+01    0.4361732207E+01   -0.1389506793E+01   -0.6073073463E-01    0.3060047207E+00
        76    0.4678000000E+01    0.4798569428E+01   -0.1657413517E+01   -0.4480199376E-01   -0.8251892064E+00
        77    0.2295000000E+01    0.2174348824E+01   -0.7704087883E+00   -0.5856634803E-01   -0.8312559557E+00
        78    0.4627000000E+01    0.4730141160E+01   -0.1502719022E+01   -0.3291317450E-01    0.5941783587E+00
        79    0.9270000000E+00    0.1085804002E+01   -0.6179608466E+00    0.2644937207E+00   -0.8372142953E+00
        80    0.2239000000E+01    0.2170666113E+01   -0.6963357496E+00   -0.6001633440E-01   -0.1001255814E+00
        81    0.1969000000E+01    0.2053268497E+01   -0.6528147652E+00   -0.6913580642E-01   -0.1179413092E+00
        82    0.1772000000E+01    0.1450409594E+01   -0.7148844175E+00    0.2064075858E+00   -0.9680505035E+00
        83    0.4872000000E+01    0.4727966211E+01   -0.1568651020E+01   -0.3182547410E-01   -0.7651395131E-01
        84    0.1869000000E+01    0.1951984791E+01   -0.6744005633E+00   -0.3950978087E-01   -0.4851609567E+00
        85    0.1570000000E+01    0.1450409594E+01   -0.7148844175E+00    0.2064075858E+00   -0.9680505035E+00
        86    0.2417000000E+01    0.2342694756E+01   -0.6916496367E+00   -0.2783006950E+00   -0.9194716061E+00
        87    0.2190000000E+01    0.2074599000E+01   -0.7325762636E+00   -0.2658585563E-01   -0.5733012399E+00
        88    0.2038000000E+01    0.1977602616E+01   -0.6789358731E+00   -0.3847695611E-01   -0.4371844544E+00
        89    0.4712000000E+01    0.4440979699E+01   -0.1535107261E+01    0.1683247748E+00    0.6195179769E+00
        90    0.2419000000E+01    0.2524234926E+01   -0.7796798371E+00   -0.2358812437E+00   -0.9142912057E+00
        91    0.2139000000E+01    0.2031948264E+01   -0.6908006920E+00   -0.3155135021E-01   -0.3267145890E+00
        92    0.1987000000E+01    0.2138352089E+01   -0.6372003266E+00   -0.2181157288E+00   -0.6609460104E+00
        93    0.1608000000E+01    0.1555509211E+01   -0.6850738514E+00    0.1586566753E+00   -0.6248189357E+00
        94    0.1714000000E+01    0.1771630481E+01   -0.6529631456E+00   -0.4601437299E-01   -0.9245254122E+00
        95    0.2256000000E+01    0.2274115455E+01   -0.6709042967E+00   -0.2848713632E+00   -0.9857291755E+00
        96    0.2021000000E+01    0.2116620213E+01   -0.7470496549E+00   -0.2599344676E-01   -0.5734734883E+00
        97    0.4112000000E+01    0.3996762996E+01   -0.1393572506E+01   -0.6031102059E-01   -0.9752413192E+00
        98    0.2094000000E+01    0.1969855609E+01   -0.6966888249E+00   -0.6529869248E-01   -0.8226158526E+00
        99    0.2078000000E+01    0.2007498846E+01   -0.7142565443E+00   -0.6678308657E-01   -0.8829856974E+00
       100    0.3054000000E+01    0.3167350897E+01   -0.1370975609E+01    0.3261354351E+00   -0.9975978529E+00
       101    0.1732000000E+01    0.1864391690E+01   -0.8288811567E+00    0.1743478438E+00   -0.9311836599E+00
       102    0.2103000000E+01    0.1958055544E+01   -0.7216927752E+00   -0.3655996644E-01   -0.9258185113E+00
       103    0.2719000000E+01    0.3039514223E+01   -0.1128181141E+01    0.2596332950E+00    0.5937467568E+00
       104    0.1339000000E+01    0.1404678693E+01   -0.6242168111E+00    0.2048619069E+00   -0.2119616610E+00
       105    0.2198000000E+01    0.2295946029E+01   -0.6609682666E+00   -0.6963043769E-01    0.6221437486E+00
       106    0.5139000000E+01    0.5046324791E+01   -0.1489382688E+01   -0.2197952166E+00    0.5626328258E+00
       107    0.1458000000E+01    0.1850045359E+01   -0.6274351811E+00   -0.3757410796E-01   -0.3417381237E+00
       108    0.3321000000E+01    0.3378114466E+01   -0.1425422158E+01    0.3056098671E+00   -0.9702875874E+00
       109    0.1588000000E+01    0.1896608620E+01   -0.6702293476E+00   -0.3064295661E-01   -0.5722799737E+00
       110    0.2192000000E+01    0.1961702672E+01   -0.7088816609E+00   -0.3915801614E-01   -0.8004026103E+00
       111    0.4837000000E+01    0.4582671720E+01   -0.1573825796E+01    0.1628351677E+00    0.6716671679E+00
       112    0.1942000000E+01    0.1928045925E+01   -0.7114438838E+00   -0.3734827478E-01   -0.9290145013E+00
