     Index       y_measurement           y_fitting        descriptor_1        descriptor_2        descriptor_3        descriptor_4
         1    0.5100000000E+01    0.5256418595E+01   -0.1979949391E+01    0.1810780076E+00   -0.9680675374E+00   -0.1591843803E+02
         2    0.2308000000E+01    0.2265659142E+01   -0.7881855765E+00   -0.3108931062E-01   -0.8222890601E+00   -0.1064373216E+03
         3    0.2009000000E+01    0.1988568658E+01   -0.6784823421E+00   -0.3899609599E-01   -0.5048045977E+00   -0.2849210952E+02
         4    0.2043000000E+01    0.2210432433E+01   -0.5756489215E+00   -0.2840272786E+00   -0.2148889071E+00    0.8498651149E+02
         5    0.2182000000E+01    0.2198464666E+01   -0.7429674163E+00   -0.2560461842E-01   -0.5063838127E+00   -0.8820178404E+02
         6    0.1827000000E+01    0.1890928824E+01   -0.7589789001E+00   -0.3317601248E-01   -0.8335881384E+00    0.2639022340E+03
         7    0.3277000000E+01    0.3074839482E+01   -0.9737195888E+00   -0.5079284929E-01    0.1296768482E+00   -0.1361561809E+02
         8    0.1946000000E+01    0.1920109832E+01   -0.6467351737E+00   -0.4359565528E-01   -0.5317320171E+00   -0.6001270454E+02
         9    0.4868000000E+01    0.4948019269E+01   -0.1667108739E+01   -0.3359796204E-01   -0.1050017908E+00    0.1066528011E+03
        10    0.4069000000E+01    0.4138751921E+01   -0.1427224969E+01   -0.5740961426E-01   -0.8800514886E+00   -0.5897663657E+01
        11    0.2358000000E+01    0.2048662218E+01   -0.6243951994E+00   -0.3919007409E-01   -0.1713014797E-01   -0.1261606736E+03
        12    0.3282000000E+01    0.2886459535E+01   -0.9358424511E+00   -0.5737602602E-01    0.5611962532E-01    0.7293573485E+02
        13    0.4991000000E+01    0.4964722399E+01   -0.1563685119E+01   -0.2954300830E-01    0.6628946194E+00   -0.2935982344E+02
        14    0.1969000000E+01    0.1659795465E+01   -0.7606354515E+00    0.1911081218E+00   -0.8978792601E+00   -0.8206224642E+02
        15    0.1879000000E+01    0.2111749612E+01   -0.6939106557E+00   -0.3161088686E-01   -0.3034832230E+00   -0.7089624873E+02
        16    0.5889000000E+01    0.5716618826E+01   -0.1938984621E+01   -0.3638236962E-01   -0.5813108150E+00   -0.1051780362E+02
        17    0.1375000000E+01    0.1545526327E+01   -0.5258451918E+00   -0.5739133309E-01    0.1552732290E+00    0.2579017527E+03
        18    0.3378000000E+01    0.3383227626E+01   -0.1438642768E+01    0.2993604969E+00   -0.9296750311E+00   -0.4515329043E+01
        19    0.2189000000E+01    0.2176291406E+01   -0.7422251911E+00   -0.2601770060E-01   -0.5763252061E+00   -0.8820178404E+02
        20    0.1049000000E+01    0.1071424267E+01   -0.5369877957E+00    0.2924902733E+00    0.1165850311E+00   -0.7963694051E+02
        21    0.2367000000E+01    0.2071660231E+01   -0.6585348183E+00   -0.3465299080E-01   -0.3201440689E+00   -0.1531712049E+03
        22    0.1460000000E+01    0.1533056856E+01   -0.6728271358E+00   -0.3086353778E-01   -0.6386538159E+00    0.4606224417E+03
        23    0.4967000000E+01    0.5157779292E+01   -0.1948847503E+01    0.2000085879E+00   -0.9796616979E+00   -0.6586314048E+02
        24    0.2056000000E+01    0.1895886174E+01   -0.6940417364E+00   -0.7097110415E-01   -0.9034223476E+00    0.8671082301E+02
        25    0.4589000000E+01    0.4296746164E+01   -0.1492879965E+01    0.1879310089E+00    0.2796734324E+00   -0.1958950311E+03
        26    0.5340000000E+01    0.5326370544E+01   -0.2006811063E+01    0.1798322621E+00   -0.9979024051E+00   -0.1051780362E+02
        27    0.2210000000E+01    0.2132019863E+01   -0.6723992082E+00   -0.6505684547E-01   -0.9577276111E-01   -0.6920972415E+01
        28    0.2286000000E+01    0.2191280427E+01   -0.7929245168E+00   -0.3243572914E-01   -0.9578806827E+00   -0.4090357726E+02
        29    0.1786000000E+01    0.1955363962E+01   -0.6778293973E+00   -0.2901996111E-01   -0.7082083469E+00   -0.9397881684E+02
        30    0.4936000000E+01    0.5240997694E+01   -0.1718708575E+01   -0.3008811691E-01    0.5481126918E-01   -0.1990990851E+02
        31    0.1656000000E+01    0.1649530557E+01   -0.6614805378E+00   -0.4384212860E-01   -0.9606776074E+00    0.1804725536E+03
        32    0.1157000000E+01    0.1201041245E+01   -0.6664150728E+00    0.3494332327E+00   -0.1387632333E+00   -0.5298787718E+01
        33    0.1436000000E+01    0.1596562390E+01   -0.6862843839E+00    0.2205377091E+00   -0.8226943006E+00   -0.3395356538E+03
        34    0.5750000000E+00    0.1090095438E+01   -0.4913085218E+00    0.3110396925E+00    0.1195394927E+00   -0.3295008587E+03
        35    0.4889000000E+01    0.5284794640E+01   -0.1770782902E+01   -0.3408659620E-01   -0.1041820341E+00    0.7411209237E+02
        36    0.1629000000E+01    0.1491845767E+01   -0.7479876087E+00    0.3163244686E+00   -0.2179756507E+00   -0.3501072689E+01
        37    0.2022000000E+01    0.2126012849E+01   -0.6859995158E+00   -0.6003819098E-01   -0.2063839563E+00   -0.3285855979E+01
        38    0.1673000000E+01    0.1767370720E+01   -0.7589823267E+00    0.1633527469E+00   -0.7526243674E+00   -0.9364191209E+02
        39    0.1223000000E+01    0.1022307553E+01   -0.6774332663E+00    0.3786617669E+00   -0.9119408684E+00   -0.1107836234E+03
        40    0.1890000000E+01    0.1809897690E+01   -0.7316200781E+00   -0.3824726292E-01   -0.9848427174E+00    0.2191110566E+03
        41    0.1582000000E+01    0.2008976487E+01   -0.7893127382E+00    0.1371210287E+00   -0.4382201239E+00   -0.9397881684E+02
        42    0.3462000000E+01    0.3007398880E+01   -0.1128181141E+01    0.2596332950E+00    0.5937467568E+00   -0.2064510122E+02
        43    0.4290000000E+01    0.4164695056E+01   -0.1451262442E+01   -0.5208091439E-01   -0.9871804748E+00   -0.2729770454E+01
        44    0.1345000000E+01    0.1445347033E+01   -0.6242168111E+00    0.2048619069E+00   -0.2119616610E+00   -0.1064289964E+03
        45    0.2375000000E+01    0.2213742210E+01   -0.7915183946E+00   -0.3279154968E-01   -0.8971024240E+00   -0.5088800258E+02
        46    0.2041000000E+01    0.2028317858E+01   -0.6490066791E+00   -0.6853420157E-01   -0.1712843760E+00    0.1715995907E+02
        47    0.2028000000E+01    0.2165994935E+01   -0.7340607140E+00   -0.2630707846E-01   -0.5252596172E+00   -0.8598884021E+02
        48    0.1859000000E+01    0.1985750166E+01   -0.6775752802E+00   -0.3957177910E-01   -0.5074779191E+00   -0.2777725507E+02
        49    0.1960000000E+01    0.1902966660E+01   -0.6431069259E+00   -0.4378374704E-01   -0.5542015183E+00   -0.6001270454E+02
        50    0.1413000000E+01    0.1608726867E+01   -0.7265200128E+00    0.2091784178E+00   -0.4602462504E+00   -0.3035828324E+02
        51    0.1521000000E+01    0.1603431056E+01   -0.5893213998E+00   -0.4311739745E-01   -0.4009725622E-01    0.3128045982E+03
        52    0.1776000000E+01    0.1754701050E+01   -0.6836864693E+00   -0.4217460022E-01   -0.8185644207E+00    0.1804725536E+03
        53    0.2078000000E+01    0.1974451736E+01   -0.6730399704E+00   -0.3887749185E-01   -0.4966861857E+00   -0.2849210952E+02
        54    0.4720000000E+01    0.4857546141E+01   -0.1745813545E+01    0.1720771414E+00   -0.5228663762E-01   -0.2745307166E+02
        55    0.1393000000E+01    0.1196602674E+01   -0.7313268265E+00    0.3487369825E+00   -0.8662236398E+00   -0.2677525291E+02
        56    0.1370000000E+01    0.1368072996E+01   -0.6139698533E+00    0.2546369804E+00    0.1344361400E+00   -0.5261858604E+02
        57    0.8810000000E+00    0.9720149830E+00   -0.6169179299E+00    0.3703705040E+00   -0.3014870580E+00   -0.2192393495E+02
        58    0.1497000000E+01    0.1662633320E+01   -0.6163485982E+00   -0.4737274887E-01   -0.5723090181E+00    0.1487963673E+03
        59    0.2129000000E+01    0.2023959008E+01   -0.7196633154E+00   -0.3666292765E-01   -0.8495910957E+00   -0.5422106056E+02
        60    0.1995000000E+01    0.2157710185E+01   -0.7583478261E+00   -0.3542198218E-01   -0.9184851898E+00   -0.1071849966E+03
        61    0.4181000000E+01    0.4070524160E+01   -0.1410999674E+01   -0.5886603142E-01   -0.9030816239E+00    0.1462275254E+02
        62    0.1786000000E+01    0.1659089970E+01   -0.6913827655E+00    0.1573916528E+00   -0.6078954207E+00   -0.1422346363E+03
        63    0.1222000000E+01    0.1254911010E+01   -0.6326757134E+00    0.2383614892E+00   -0.5338768279E+00   -0.4594651773E+02
        64    0.1536000000E+01    0.1378866732E+01   -0.7799860648E+00    0.3281090245E+00   -0.8694216145E+00   -0.1769123650E+02
        65    0.5676000000E+01    0.5798842682E+01   -0.1982398611E+01   -0.3096827377E-01   -0.6993968739E+00   -0.9623591414E+01
        66    0.2386000000E+01    0.2177016034E+01   -0.7884880114E+00   -0.3223945839E-01   -0.9625367032E+00   -0.4195624083E+02
        67    0.2282000000E+01    0.2159468260E+01   -0.7121650709E+00   -0.2822967578E-01   -0.6022299067E+00   -0.1857787189E+03
        68    0.1772000000E+01    0.2117066932E+01   -0.7236695613E+00   -0.2732977149E-01   -0.5925649208E+00   -0.8598884021E+02
        69    0.2244000000E+01    0.2295428631E+01   -0.6709042967E+00   -0.2848713632E+00   -0.9857291755E+00    0.4903295169E+02
        70    0.1915000000E+01    0.1817911057E+01   -0.7404280936E+00   -0.3732273107E-01   -0.9177117564E+00    0.2657560304E+03
        71    0.2279000000E+01    0.2187313898E+01   -0.7838929766E+00   -0.3322271840E-01   -0.9090415288E+00   -0.4961124506E+02
        72    0.1174000000E+01    0.1194040719E+01   -0.6664150728E+00    0.3455245835E+00   -0.1906870986E+00   -0.5298787718E+01
        73    0.1224000000E+01    0.1267498537E+01   -0.6331292444E+00    0.2356028385E+00   -0.5162729986E+00   -0.4594651773E+02
        74    0.2324000000E+01    0.2097874979E+01   -0.6718551959E+00   -0.6257788226E-01   -0.1771053874E+00   -0.3203415303E+01
        75    0.4387000000E+01    0.4384413037E+01   -0.1389506793E+01   -0.6073073463E-01    0.3060047207E+00   -0.2983417347E+01
        76    0.4678000000E+01    0.4818719990E+01   -0.1657413517E+01   -0.4480199376E-01   -0.8251892064E+00   -0.8976017354E+01
        77    0.2295000000E+01    0.2199419240E+01   -0.7704087883E+00   -0.5856634803E-01   -0.8312559557E+00   -0.1660372703E+02
        78    0.4627000000E+01    0.4626853467E+01   -0.1502719022E+01   -0.3291317450E-01    0.5941783587E+00    0.1533278913E+03
        79    0.9270000000E+00    0.1176103719E+01   -0.6179608466E+00    0.2644937207E+00   -0.8372142953E+00   -0.1901054579E+03
        80    0.2239000000E+01    0.2188494702E+01   -0.6963357496E+00   -0.6001633440E-01   -0.1001255814E+00   -0.3203415303E+01
        81    0.1969000000E+01    0.2056914947E+01   -0.6528147652E+00   -0.6913580642E-01   -0.1179413092E+00    0.1715995907E+02
        82    0.1772000000E+01    0.1452745697E+01   -0.7148844175E+00    0.2064075858E+00   -0.9680505035E+00   -0.6140418927E+02
        83    0.4872000000E+01    0.4765613488E+01   -0.1568651020E+01   -0.3182547410E-01   -0.7651395131E-01   -0.3128283061E+02
        84    0.1869000000E+01    0.1982771711E+01   -0.6744005633E+00   -0.3950978087E-01   -0.4851609567E+00   -0.2777725507E+02
        85    0.1570000000E+01    0.1452745697E+01   -0.7148844175E+00    0.2064075858E+00   -0.9680505035E+00   -0.6140418927E+02
        86    0.2417000000E+01    0.2362983532E+01   -0.6916496367E+00   -0.2783006950E+00   -0.9194716061E+00    0.4903295169E+02
        87    0.2190000000E+01    0.2149562370E+01   -0.7325762636E+00   -0.2658585563E-01   -0.5733012399E+00   -0.8820178404E+02
        88    0.2038000000E+01    0.2008956370E+01   -0.6789358731E+00   -0.3847695611E-01   -0.4371844544E+00   -0.2849210952E+02
        89    0.4712000000E+01    0.4451158810E+01   -0.1535107261E+01    0.1683247748E+00    0.6195179769E+00   -0.4734579751E+02
        90    0.2419000000E+01    0.2535655424E+01   -0.7796798371E+00   -0.2358812437E+00   -0.9142912057E+00    0.4927873038E+02
        91    0.2139000000E+01    0.2096814032E+01   -0.6908006920E+00   -0.3155135021E-01   -0.3267145890E+00   -0.7272078103E+02
        92    0.1987000000E+01    0.2096351742E+01   -0.6372003266E+00   -0.2181157288E+00   -0.6609460104E+00    0.1135783101E+03
        93    0.1608000000E+01    0.1632429661E+01   -0.6850738514E+00    0.1586566753E+00   -0.6248189357E+00   -0.1422346363E+03
        94    0.1714000000E+01    0.1803793798E+01   -0.6529631456E+00   -0.4601437299E-01   -0.9245254122E+00   -0.3035828324E+02
        95    0.2256000000E+01    0.2295428631E+01   -0.6709042967E+00   -0.2848713632E+00   -0.9857291755E+00    0.4903295169E+02
        96    0.2021000000E+01    0.2189796199E+01   -0.7470496549E+00   -0.2599344676E-01   -0.5734734883E+00   -0.8598884021E+02
        97    0.4112000000E+01    0.4000018264E+01   -0.1393572506E+01   -0.6031102059E-01   -0.9752413192E+00    0.1462275254E+02
        98    0.2094000000E+01    0.1996926194E+01   -0.6966888249E+00   -0.6529869248E-01   -0.8226158526E+00   -0.1769123650E+02
        99    0.2078000000E+01    0.2048163350E+01   -0.7142565443E+00   -0.6678308657E-01   -0.8829856974E+00   -0.3497229869E+02
       100    0.3054000000E+01    0.3113532470E+01   -0.1370975609E+01    0.3261354351E+00   -0.9975978529E+00   -0.1868234500E+02
       101    0.1732000000E+01    0.1868671870E+01   -0.8288811567E+00    0.1743478438E+00   -0.9311836599E+00   -0.5422106056E+02
       102    0.2103000000E+01    0.1991764262E+01   -0.7216927752E+00   -0.3655996644E-01   -0.9258185113E+00   -0.3455758939E+02
       103    0.2719000000E+01    0.3007398880E+01   -0.1128181141E+01    0.2596332950E+00    0.5937467568E+00   -0.2064510122E+02
       104    0.1339000000E+01    0.1445347033E+01   -0.6242168111E+00    0.2048619069E+00   -0.2119616610E+00   -0.1064289964E+03
       105    0.2198000000E+01    0.2319087449E+01   -0.6609682666E+00   -0.6963043769E-01    0.6221437486E+00   -0.3501072689E+01
       106    0.5139000000E+01    0.5072890472E+01   -0.1489382688E+01   -0.2197952166E+00    0.5626328258E+00    0.3780693516E+02
       107    0.1458000000E+01    0.1563325703E+01   -0.6274351811E+00   -0.3757410796E-01   -0.3417381237E+00    0.3797749000E+03
       108    0.3321000000E+01    0.3318020212E+01   -0.1425422158E+01    0.3056098671E+00   -0.9702875874E+00   -0.4515329043E+01
       109    0.1588000000E+01    0.1544593227E+01   -0.6702293476E+00   -0.3064295661E-01   -0.5722799737E+00    0.4606224417E+03
       110    0.2192000000E+01    0.2026247665E+01   -0.7088816609E+00   -0.3915801614E-01   -0.8004026103E+00   -0.7278837673E+02
       111    0.4837000000E+01    0.4581914773E+01   -0.1573825796E+01    0.1628351677E+00    0.6716671679E+00   -0.3128283061E+02
       112    0.1942000000E+01    0.1961188450E+01   -0.7114438838E+00   -0.3734827478E-01   -0.9290145013E+00   -0.3369055473E+02
