     Index       y_measurement           y_fitting        descriptor_1        descriptor_2
         1    0.5100000000E+01    0.5199992139E+01   -0.8836465783E+01    0.1084276114E+00
         2    0.2308000000E+01    0.2172061061E+01   -0.4448809823E+01    0.9539733557E-01
         3    0.2009000000E+01    0.2152703546E+01   -0.3710273223E+01    0.1249640439E+00
         4    0.2043000000E+01    0.1949968016E+01   -0.3275223398E+01    0.1299872341E+00
         5    0.2182000000E+01    0.2243520332E+01   -0.4282878546E+01    0.1069507913E+00
         6    0.1827000000E+01    0.1958004139E+01   -0.4299255630E+01    0.8777287553E-01
         7    0.3277000000E+01    0.3000141526E+01   -0.4976432611E+01    0.1270179513E+00
         8    0.1946000000E+01    0.1791966792E+01   -0.3563563781E+01    0.1077196005E+00
         9    0.4868000000E+01    0.4850835347E+01   -0.8439177361E+01    0.1023904258E+00
        10    0.4069000000E+01    0.4155968146E+01   -0.6825244413E+01    0.1247326567E+00
        11    0.2358000000E+01    0.1709278784E+01   -0.3446363834E+01    0.1072544266E+00
        12    0.3282000000E+01    0.2533647004E+01   -0.4795661853E+01    0.1043444372E+00
        13    0.4991000000E+01    0.5021531164E+01   -0.8387946562E+01    0.1155853038E+00
        14    0.1969000000E+01    0.1774923599E+01   -0.4578214813E+01    0.6427221172E-01
        15    0.1879000000E+01    0.2062292944E+01   -0.3899464627E+01    0.1112123140E+00
        16    0.5889000000E+01    0.5816218167E+01   -0.9008551243E+01    0.1411625204E+00
        17    0.1375000000E+01    0.1360948342E+01   -0.2913675494E+01    0.1069212763E+00
        18    0.3378000000E+01    0.3737751223E+01   -0.6878396148E+01    0.9542429932E-01
        19    0.2189000000E+01    0.2241036711E+01   -0.4279023519E+01    0.1069507913E+00
        20    0.1049000000E+01    0.1112492440E+01   -0.2959777041E+01    0.8890350021E-01
        21    0.2367000000E+01    0.1766479097E+01   -0.3725845470E+01    0.9929628332E-01
        22    0.1460000000E+01    0.1668760475E+01   -0.3920964413E+01    0.8482380441E-01
        23    0.4967000000E+01    0.5016234102E+01   -0.8709589347E+01    0.1018193903E+00
        24    0.2056000000E+01    0.1766445999E+01   -0.3849067732E+01    0.9415182919E-01
        25    0.4589000000E+01    0.4103201942E+01   -0.8007296195E+01    0.7198532392E-01
        26    0.5340000000E+01    0.5360706668E+01   -0.8896689339E+01    0.1163247340E+00
        27    0.2210000000E+01    0.1851444728E+01   -0.3515168569E+01    0.1135919448E+00
        28    0.2286000000E+01    0.2360397702E+01   -0.4585861790E+01    0.1018774931E+00
        29    0.1786000000E+01    0.1884194470E+01   -0.4106073871E+01    0.9105367311E-01
        30    0.4936000000E+01    0.5358225642E+01   -0.8693600078E+01    0.1246393432E+00
        31    0.1656000000E+01    0.1663539305E+01   -0.3766954436E+01    0.9091274307E-01
        32    0.1157000000E+01    0.1421520998E+01   -0.3487422142E+01    0.8690131385E-01
        33    0.1436000000E+01    0.1469744530E+01   -0.4258974670E+01    0.5782659718E-01
        34    0.5750000000E+00    0.8604249284E+00   -0.2862797698E+01    0.7662283036E-01
        35    0.4889000000E+01    0.5044753775E+01   -0.8435504931E+01    0.1151048558E+00
        36    0.1629000000E+01    0.1779083052E+01   -0.3717987292E+01    0.1004406488E+00
        37    0.2022000000E+01    0.2172888677E+01   -0.3578361854E+01    0.1317764707E+00
        38    0.1673000000E+01    0.1730831301E+01   -0.4316524225E+01    0.7233697798E-01
        39    0.1223000000E+01    0.1397065413E+01   -0.3812110215E+01    0.7176731057E-01
        40    0.1890000000E+01    0.1873226092E+01   -0.4265459497E+01    0.8369171113E-01
        41    0.1582000000E+01    0.1892949276E+01   -0.4313735970E+01    0.8295461785E-01
        42    0.3462000000E+01    0.2834087573E+01   -0.5569662451E+01    0.9150505403E-01
        43    0.4290000000E+01    0.4459150952E+01   -0.6937156509E+01    0.1397011742E+00
        44    0.1345000000E+01    0.1307834663E+01   -0.3502192554E+01    0.7892082073E-01
        45    0.2375000000E+01    0.2396251366E+01   -0.4747322003E+01    0.9746187776E-01
        46    0.2041000000E+01    0.1641551291E+01   -0.3406922334E+01    0.1045133135E+00
        47    0.2028000000E+01    0.2156691339E+01   -0.4236650491E+01    0.1032555845E+00
        48    0.1859000000E+01    0.2083334587E+01   -0.3706059718E+01    0.1206464696E+00
        49    0.1960000000E+01    0.1781233330E+01   -0.3546903519E+01    0.1077196005E+00
        50    0.1413000000E+01    0.1749925782E+01   -0.3769386675E+01    0.9640697214E-01
        51    0.1521000000E+01    0.1473582921E+01   -0.3285930275E+01    0.9868230993E-01
        52    0.1776000000E+01    0.1733425361E+01   -0.3875430152E+01    0.9091274307E-01
        53    0.2078000000E+01    0.2136427927E+01   -0.3685010538E+01    0.1249640439E+00
        54    0.4720000000E+01    0.4748850956E+01   -0.8573226152E+01    0.9019020839E-01
        55    0.1393000000E+01    0.1638370907E+01   -0.4030458701E+01    0.7828588901E-01
        56    0.1370000000E+01    0.1438199311E+01   -0.3220095352E+01    0.9913773960E-01
        57    0.8810000000E+00    0.1175904877E+01   -0.3356784229E+01    0.7644317549E-01
        58    0.1497000000E+01    0.1569652799E+01   -0.3424792168E+01    0.9911030565E-01
        59    0.2129000000E+01    0.2034959377E+01   -0.4472137363E+01    0.8554299442E-01
        60    0.1995000000E+01    0.2071623375E+01   -0.4565718390E+01    0.8401260239E-01
        61    0.4181000000E+01    0.3953418899E+01   -0.6749733864E+01    0.1147636240E+00
        62    0.1786000000E+01    0.1509446410E+01   -0.4016200177E+01    0.7052977085E-01
        63    0.1222000000E+01    0.1359713576E+01   -0.3499137701E+01    0.8240879073E-01
        64    0.1536000000E+01    0.1872843113E+01   -0.4120587749E+01    0.8971268973E-01
        65    0.5676000000E+01    0.5983608604E+01   -0.8847219478E+01    0.1587380230E+00
        66    0.2386000000E+01    0.2401676496E+01   -0.4562569522E+01    0.1055233822E+00
        67    0.2282000000E+01    0.1912880314E+01   -0.4123320191E+01    0.9219209106E-01
        68    0.1772000000E+01    0.2122003890E+01   -0.4182809338E+01    0.1032555845E+00
        69    0.2244000000E+01    0.2177714487E+01   -0.3882243431E+01    0.1194074823E+00
        70    0.1915000000E+01    0.1904998803E+01   -0.4467984208E+01    0.7729804663E-01
        71    0.2279000000E+01    0.2317321946E+01   -0.4705499495E+01    0.9409451796E-01
        72    0.1174000000E+01    0.1421520998E+01   -0.3487422142E+01    0.8690131385E-01
        73    0.1224000000E+01    0.1361048847E+01   -0.3501210282E+01    0.8240879073E-01
        74    0.2324000000E+01    0.2060261964E+01   -0.3512644651E+01    0.1272235235E+00
        75    0.4387000000E+01    0.4216848230E+01   -0.7023923504E+01    0.1203849236E+00
        76    0.4678000000E+01    0.4827307903E+01   -0.7740514394E+01    0.1300230187E+00
        77    0.2295000000E+01    0.2385918066E+01   -0.4222075651E+01    0.1187121081E+00
        78    0.4627000000E+01    0.4448495401E+01   -0.8071514768E+01    0.9167192761E-01
        79    0.9270000000E+00    0.1224980848E+01   -0.3536502742E+01    0.7212208712E-01
        80    0.2239000000E+01    0.2133618026E+01   -0.3626506439E+01    0.1272235235E+00
        81    0.1969000000E+01    0.1652877795E+01   -0.3424503104E+01    0.1045133135E+00
        82    0.1772000000E+01    0.1596159208E+01   -0.4103644838E+01    0.7249739999E-01
        83    0.4872000000E+01    0.4930296300E+01   -0.8477021525E+01    0.1059582402E+00
        84    0.1869000000E+01    0.2073839771E+01   -0.3691322059E+01    0.1206464696E+00
        85    0.1570000000E+01    0.1596159208E+01   -0.4103644838E+01    0.7249739999E-01
        86    0.2417000000E+01    0.2244804318E+01   -0.3986378902E+01    0.1194074823E+00
        87    0.2190000000E+01    0.2208778360E+01   -0.4228952763E+01    0.1069507913E+00
        88    0.2038000000E+01    0.2154061125E+01   -0.3712380429E+01    0.1249640439E+00
        89    0.4712000000E+01    0.4318275809E+01   -0.8239563207E+01    0.7622388659E-01
        90    0.2419000000E+01    0.2537055109E+01   -0.4371138053E+01    0.1222814220E+00
        91    0.2139000000E+01    0.2113861498E+01   -0.3884138904E+01    0.1151922682E+00
        92    0.1987000000E+01    0.2035614439E+01   -0.3739336098E+01    0.1161666814E+00
        93    0.1608000000E+01    0.1488556294E+01   -0.3983774964E+01    0.7052977085E-01
        94    0.1714000000E+01    0.1870611980E+01   -0.3752473832E+01    0.1049302932E+00
        95    0.2256000000E+01    0.2177714487E+01   -0.3882243431E+01    0.1194074823E+00
        96    0.2021000000E+01    0.2200139448E+01   -0.4304089763E+01    0.1032555845E+00
        97    0.4112000000E+01    0.3901185431E+01   -0.6668658138E+01    0.1147636240E+00
        98    0.2094000000E+01    0.1985421724E+01   -0.3999758716E+01    0.1020474668E+00
        99    0.2078000000E+01    0.1955944580E+01   -0.3947225074E+01    0.1023304021E+00
       100    0.3054000000E+01    0.3455160819E+01   -0.6595995307E+01    0.8890450052E-01
       101    0.1732000000E+01    0.2049397677E+01   -0.4793375199E+01    0.7307234900E-01
       102    0.2103000000E+01    0.2220116151E+01   -0.4062584545E+01    0.1146280797E+00
       103    0.2719000000E+01    0.2834087573E+01   -0.5569662451E+01    0.9150505403E-01
       104    0.1339000000E+01    0.1307834663E+01   -0.3502192554E+01    0.7892082073E-01
       105    0.2198000000E+01    0.1856645174E+01   -0.3677288617E+01    0.1071632143E+00
       106    0.5139000000E+01    0.4926873641E+01   -0.8002357138E+01    0.1255452250E+00
       107    0.1458000000E+01    0.1546557228E+01   -0.3574654912E+01    0.9136020691E-01
       108    0.3321000000E+01    0.3698101807E+01   -0.6816853131E+01    0.9542429932E-01
       109    0.1588000000E+01    0.1660191787E+01   -0.3907664270E+01    0.8482380441E-01
       110    0.2192000000E+01    0.1935148547E+01   -0.3999304486E+01    0.9880995018E-01
       111    0.4837000000E+01    0.4491092624E+01   -0.8363209404E+01    0.8225818835E-01
       112    0.1942000000E+01    0.2126350316E+01   -0.4011945407E+01    0.1106676185E+00
