Model_ID, [(c_i,i=0,n)_j,j=1,ntask]
           1   -0.7841646549E+01   -0.2520817638E+00    0.1494956961E+01
           2    0.1232380165E+01   -0.2511261613E+00   -0.2346635058E+03
           3   -0.4719433124E+01   -0.2534683269E+00    0.8205855505E+00
           4   -0.3222747934E+01    0.2334149325E+00   -0.2543613914E+00
           5   -0.2002902751E+01    0.4420071006E-01   -0.3262860478E-01
           6   -0.1725178412E+01   -0.2578131876E+00    0.8974184742E-02
           7   -0.1993498455E+01    0.4446598291E-01   -0.3031281918E-01
           8   -0.1992371682E+01    0.4453953441E-01   -0.2209947804E-01
           9   -0.1940935918E+01    0.4158979504E-01   -0.3108446482E-01
          10   -0.1926124378E+01    0.3030288632E-01   -0.3089992088E-01
          11    0.8944218581E+00   -0.2193490905E+03   -0.6601983311E-02
          12    0.8610962874E+00   -0.2170998266E+03   -0.1280819937E-01
          13    0.1053557228E+01   -0.2312609479E+03    0.3733614938E-02
          14   -0.1926148145E+01    0.4173894917E-01   -0.2878962729E-01
          15    0.6451795184E+00   -0.5300104082E-01   -0.1874779193E+03
          16   -0.1924199704E+01    0.4179405553E-01   -0.2097644385E-01
          17   -0.1910559176E+01    0.3040246327E-01   -0.2860345613E-01
          18   -0.1062920127E+01    0.2491385568E-03   -0.3248014563E-01
          19   -0.1908426931E+01    0.3044064226E-01   -0.2083807913E-01
          20   -0.6178199548E+01    0.1118420028E+01   -0.1282865823E-01
          21   -0.6211760554E+01   -0.6609141560E-02    0.1128941194E+01
          22    0.1123551197E+01    0.1356681395E-01   -0.2412699763E+03
          23   -0.5989814462E+01    0.1083700769E+01   -0.1294986368E-01
          24    0.1146798992E+01   -0.4689230335E-02   -0.2472258144E+03
          25   -0.6020595834E+01    0.1093753818E+01   -0.6671725035E-02
          26    0.9000600640E+00   -0.9748831020E+02   -0.2491819003E-02
          27    0.1003467632E+01   -0.1132321181E+03   -0.2508621421E+00
          28   -0.3560585624E+01    0.5640381514E+00   -0.1291703727E-01
          29    0.1114534026E+01   -0.2461234606E+03    0.6193558991E-02
          30   -0.8758589029E+00   -0.8124995605E-01    0.7708768641E-02
          31   -0.5224761482E+01   -0.5368541850E-01    0.9265368035E+00
          32   -0.5383382621E+01   -0.5323485145E-01    0.9559189987E+00
          33   -0.3568176434E+01    0.5691653425E+00   -0.6653697362E-02
          34   -0.8104525528E+00   -0.8086904113E-01    0.2818453399E-01
          35   -0.3464862701E+01    0.5483935555E+00   -0.1303756708E-01
          36   -0.1043300549E+01    0.2497207223E-03   -0.3009516691E-01
          37   -0.7773497321E+00   -0.1060332616E-01    0.5077293030E-01
          38   -0.8808188173E+00   -0.8312860551E-01    0.2863233937E-01
          39   -0.1692646753E+01    0.2742237235E-01   -0.2453071499E-02
          40   -0.7480974115E+00   -0.7963906951E-01    0.2232702832E-02
          41    0.1087633255E+01   -0.1984936992E+03   -0.2442533883E-02
          42   -0.2442502695E+01    0.1538225036E+00   -0.1296780426E-01
          43   -0.3470760649E+01   -0.6715958281E-02    0.5532810913E+00
          44    0.7791347048E-01    0.4182994164E-04   -0.8020222909E+01
          45   -0.6576137949E+01    0.1262307591E+01   -0.2450006271E-02
          46   -0.8212594017E+00   -0.7968991663E-01    0.3306404150E-01
          47   -0.8050228294E+00   -0.8131982141E-01    0.2075168968E-02
          48   -0.1698949075E+01    0.3749527311E-01   -0.2462297057E-02
          49   -0.1039784132E+01    0.2499794946E-03   -0.2192898250E-01
          50   -0.6441861251E+00   -0.2047716744E-01    0.1196025868E+01
          51   -0.2381476451E+01    0.1497979310E+00   -0.1308804175E-01
          52   -0.2439415108E+01    0.1551956741E+00   -0.6679409847E-02
          53   -0.8632042551E+00   -0.8165606541E-01    0.7090406455E-01
          54   -0.2731998106E-02   -0.1670221486E-01   -0.8364657693E+03
          55   -0.6150752103E+00   -0.1061490522E-01    0.1215198204E+01
          56   -0.6733506390E+00   -0.1081475440E-01    0.5841006432E+00
          57   -0.7856017160E+00   -0.7833321383E-01    0.3914614298E-01
          58   -0.3055068900E+01   -0.5408873797E-01    0.4667141638E+00
          59   -0.4312333825E+00   -0.7408934149E-01   -0.9434426086E+00
          60   -0.3134695755E+01    0.4798571399E+00   -0.5364283000E-01
          61   -0.8480988430E+00   -0.8057360339E-01    0.1686395973E+00
          62   -0.1847210537E+01    0.4287071234E-01   -0.1306173172E-01
          63   -0.9839645104E+00    0.2535794014E-04   -0.2678100142E+00
          64   -0.3931262702E+01    0.6911872933E+00   -0.2465389010E-02
          65   -0.6277478274E+00   -0.1055564284E-01   -0.1709037554E+00
          66    0.9455986394E-01   -0.8936137182E-02   -0.1548492294E+03
          67   -0.1613876638E-02   -0.1672801913E-01   -0.8500454859E+03
          68   -0.7996771952E+00    0.4944860618E-01   -0.2040873223E-01
          69   -0.2377163489E+01    0.1511047559E+00   -0.6741536059E-02
          70   -0.8217326321E+00   -0.8033636176E-01    0.2381060915E+00
          71   -0.9164945255E+00    0.3623230649E-01   -0.2194432496E-01
          72   -0.2667141762E+01    0.1962980112E+00   -0.2475462648E-02
          73    0.1277889051E+01   -0.2065902526E+03    0.3069833816E-02
          74   -0.6398767005E+01    0.1183248152E+01    0.3721224193E-02
          75   -0.2129420398E+01    0.1271650785E+00   -0.5431874083E-01
          76   -0.2179691701E+01   -0.5387513697E-01    0.1305318864E+00
          77   -0.8896982284E+00   -0.1138703389E-01    0.3683751028E-01
          78    0.9391415293E+00   -0.2476880619E+03   -0.2622691306E+00
          79   -0.1676854663E+01    0.3641689845E-01   -0.5424198606E-01
          80    0.1291605882E+01   -0.2119526300E+03    0.3462424085E-02
          81    0.5794315381E-01   -0.1726949399E-01   -0.1518527540E+03
          82   -0.8744447388E+00   -0.8238519221E-01    0.1003980676E+00
          83    0.2696291820E-01   -0.8624052696E-02   -0.8412837735E+03
          84   -0.5237854037E+00   -0.7724958602E-01   -0.5642490360E-02
          85   -0.6879474312E+01   -0.4679761424E-02    0.1275965980E+01
          86   -0.6198579939E+01    0.1146589188E+01    0.3758214495E-02
          87    0.2813073394E-01   -0.8637420683E-02   -0.8549374778E+03
          88   -0.5244503786E+00   -0.7015266639E-01    0.1474291889E+00
          89   -0.5372477787E+00   -0.8209386951E-02   -0.2128731473E+00
          90   -0.6975040816E+00    0.5656476341E+00   -0.2078303041E-01
          91   -0.5144997106E+00   -0.7680713756E-01   -0.7022601690E-02
          92   -0.4189630742E+00   -0.7254426482E-01   -0.1038105040E-01
          93   -0.6947856134E+01   -0.2660278195E+00    0.1249320943E+01
          94   -0.6875105463E+01    0.6181580221E-02    0.1270119438E+01
          95   -0.6577890688E+00   -0.7821069254E-01    0.9171542721E+00
          96   -0.1332921118E+01    0.1429717270E-01   -0.1313670212E-01
          97   -0.7420716637E+00   -0.7916831813E-01    0.2731527877E-01
          98   -0.6662926155E+01   -0.4724864372E-02    0.1236440723E+01
          99   -0.1402257374E+01    0.7501409405E-02   -0.2514727360E-02
         100   -0.6517932354E+00   -0.2028397142E-01   -0.1650253602E+00
