Model_ID, [(c_i,i=0,n)_j,j=1,ntask]
           1    0.1814264769E+01   -0.2094310822E+00   -0.2635853275E+03   -0.3715573865E+00
           2   -0.8332963255E+01   -0.2119537454E+00    0.1668499847E+01   -0.3650367900E+00
           3   -0.4840296777E+01   -0.2141003039E+00    0.9135965983E+00   -0.3617840777E+00
           4   -0.3172037141E+01    0.2595384225E+00   -0.2154134646E+00   -0.3599679683E+00
           5    0.4749354738E+01   -0.2262497610E+03    0.3257625071E-02   -0.3433368203E+01
           6    0.1866093024E+01   -0.2401573249E+03    0.2571569870E-02   -0.3927814479E+00
           7    0.2151230056E+01    0.1707268289E-04   -0.2608900082E+03   -0.4029361622E+00
           8    0.1546834481E+01   -0.4311913477E-02   -0.2630949426E+03   -0.3715736028E+00
           9    0.1986595486E+01   -0.7686162442E-01   -0.2589911355E+03   -0.4086478270E+00
          10   -0.1773010024E+01    0.4674996060E-01   -0.2639474183E-01   -0.3592539597E+00
          11   -0.1773010024E+01    0.4674996060E-01   -0.3592539597E+00   -0.2639474183E-01
          12    0.1880773404E+01   -0.2450714189E+03    0.2889091287E-02   -0.3911650723E+00
          13    0.1689372934E+01   -0.2080533901E+00   -0.2931800731E+03    0.1118551007E+03
          14   -0.6429781556E+00    0.5110789481E-01    0.4524707109E+02   -0.3909681857E+00
          15   -0.1831119259E+01    0.4893723139E-01   -0.2848616802E-01   -0.3472233214E+00
          16   -0.1831119259E+01    0.4893723139E-01   -0.3472233214E+00   -0.2848616802E-01
          17   -0.1819556664E+01    0.4912178831E-01   -0.2653620354E-01   -0.3516181882E+00
          18   -0.1819556664E+01    0.4912178831E-01   -0.3516181882E+00   -0.2653620354E-01
          19   -0.1507920760E+01   -0.2202675310E+00    0.9938203376E-02   -0.3538205836E+00
          20   -0.6349566270E+00    0.5106609726E-01    0.2456725596E+02   -0.3902036783E+00
          21   -0.1757995136E+01    0.3411548961E-01   -0.3598547632E+00   -0.2615207410E-01
          22   -0.1757995136E+01    0.3411548961E-01   -0.2615207410E-01   -0.3598547632E+00
          23   -0.1818156275E+01    0.4918405669E-01   -0.1934977719E-01   -0.3522247013E+00
          24   -0.1818156275E+01    0.4918405669E-01   -0.3522247013E+00   -0.1934977719E-01
          25    0.1630304393E+01   -0.2178955205E+00   -0.2869332502E+03    0.3855742695E+02
          26   -0.1757459847E+01    0.4686554782E-01   -0.2447752727E-01   -0.3636904191E+00
          27   -0.1757459847E+01    0.4686554782E-01   -0.3636904191E+00   -0.2447752727E-01
          28    0.1321296626E+01   -0.2396828468E+03   -0.5971336566E-02   -0.3521396847E+00
          29   -0.1755452117E+01    0.4691710479E-01   -0.3643298605E+00   -0.1783265478E-01
          30   -0.1755452117E+01    0.4691710479E-01   -0.1783265478E-01   -0.3643298605E+00
          31   -0.4319564262E+00    0.3110818356E-01    0.1162019847E+02   -0.3903056706E+00
          32   -0.4348037229E+00    0.4257100826E-01    0.1168850744E+02   -0.3901386439E+00
          33    0.4243508743E+01   -0.2211838060E+00   -0.2537789652E+03   -0.2884862111E+01
          34   -0.5570268706E+01   -0.2223570701E+00    0.1615660468E+01   -0.2879074628E+01
          35    0.1043766215E+02    0.3127587834E-01   -0.1089656420E+02   -0.3920951282E+00
          36    0.1539805709E+01   -0.2216740428E+00   -0.2787493994E+03    0.1140752829E+02
          37    0.1049933928E+02    0.4280113220E-01   -0.1096122365E+02   -0.3919357926E+00
          38   -0.1741892985E+01    0.3419707066E-01   -0.2423121032E-01   -0.3643230275E+00
          39   -0.1741892985E+01    0.3419707066E-01   -0.3643230275E+00   -0.2423121032E-01
          40    0.1293030867E+01   -0.2381264327E+03   -0.3485788479E+00   -0.1154439609E-01
          41    0.1293030867E+01   -0.2381264327E+03   -0.1154439609E-01   -0.3485788479E+00
          42   -0.9289327477E+00    0.4305610881E+02    0.5679370790E-01   -0.4018024829E+00
          43   -0.1739751638E+01    0.3423426200E-01   -0.3649745983E+00   -0.1764931370E-01
          44   -0.1739751638E+01    0.3423426200E-01   -0.1764931370E-01   -0.3649745983E+00
          45    0.4941018167E+01    0.5395504764E-02   -0.2345241782E+03   -0.3587620603E+01
          46    0.7991474757E+04   -0.2183574997E+00   -0.2680050728E+03   -0.7989970374E+04
          47    0.1562927110E+01   -0.2643538651E+03   -0.2061967095E-02    0.1222986462E+03
          48    0.1628914510E+01   -0.2153212822E+00   -0.2853386636E+03    0.2738272673E+03
          49    0.1904336648E+01    0.2742351312E+00   -0.2371628585E+03   -0.4552753434E+00
          50   -0.2203742606E+01   -0.2240085919E+00    0.8863344549E+00   -0.2868707907E+01
          51    0.1486420508E+01   -0.2269250669E+00   -0.2698429642E+03    0.1700139434E+03
          52    0.1530132262E+01    0.1230650554E-01   -0.2592142797E+03   -0.3581590415E+00
          53   -0.7063239703E+01    0.1408329102E+01    0.1647964681E+01   -0.3876980600E+00
          54   -0.9820052609E-01    0.7287461923E-03   -0.4807788524E+02   -0.3817750261E+00
          55   -0.9820052609E-01    0.7287461923E-03   -0.4807788524E+02   -0.3817750261E+00
          56    0.1563313251E+01   -0.1278030298E+03   -0.2085563770E+00   -0.3682747324E+00
          57   -0.3923816481E+01    0.1427214498E+01    0.3231212141E-02   -0.3430778308E+01
          58    0.4358729431E+01   -0.4298423154E+00   -0.2484606365E+03   -0.3626379749E+01
          59    0.1608346312E+01   -0.2114319393E+00   -0.2809274419E+03    0.7644852439E-01
          60   -0.3597761047E+01    0.1431678531E+01    0.9021825068E+00   -0.3842236522E+00
          61   -0.5928535020E+00    0.2520291473E+00   -0.2250690206E+00   -0.2861965550E+01
          62    0.1468000324E+01   -0.2512055370E+03    0.3356930047E-02   -0.3468129213E+00
          63   -0.5427097763E+00    0.1008627467E+03    0.3177163760E-01   -0.3969260758E+00
          64    0.1511301202E+01   -0.2136188220E+00   -0.2678263680E+03    0.4589831445E-01
          65   -0.5458158917E+00    0.1014091339E+03    0.4346618254E-01   -0.3968074888E+00
          66   -0.4857440748E+00    0.3109900847E-01    0.2856229896E+02   -0.3881722688E+00
          67    0.5416689308E+00    0.2512692680E-03    0.1254776295E+02   -0.3816625827E+00
          68   -0.1941283770E+01    0.1444983878E+01    0.2562722129E+00   -0.3823226208E+00
          69    0.1479562468E+01   -0.1149108042E+03   -0.2064161448E-02   -0.3656975677E+00
          70   -0.9294687602E+01   -0.2225100229E+00    0.1792717027E+01    0.3638646638E+02
          71    0.1731192035E+01   -0.2369352073E+03   -0.1981892790E-02   -0.3726751750E+00
          72   -0.6990918823E+01   -0.4305462156E-02    0.1356737561E+01   -0.3690525540E+00
          73    0.7742507440E+04   -0.2213388450E+00    0.1691514166E+01   -0.7751290505E+04
          74    0.1229346651E+02    0.2527401050E-03   -0.1177509698E+02   -0.3835280653E+00
          75    0.1527428581E+01   -0.2116655317E+00   -0.2693486974E+03    0.4150627755E-01
          76   -0.4882431130E+00    0.4253452976E-01    0.2871249077E+02   -0.3880060519E+00
          77    0.1415364695E+01   -0.2266750216E+00   -0.2584048385E+03    0.1153792022E+01
          78    0.1495749417E+01   -0.2561900079E+03   -0.2158973159E-02    0.4187458001E+02
          79   -0.8870444250E+00    0.5705284152E-01    0.1298556859E+02   -0.3830172276E+00
          80   -0.8870444250E+00    0.5705284152E-01    0.1298556859E+02   -0.3830172276E+00
          81    0.3611691801E+01    0.8014692575E-03   -0.5656956899E+02   -0.3851376834E+01
          82    0.3611691801E+01    0.8014692575E-03   -0.5656956899E+02   -0.3851376834E+01
          83   -0.9104045230E+01   -0.2255796216E+00    0.1748142485E+01    0.1086387513E+02
          84   -0.1712333517E+01    0.4869106373E-01   -0.3672841927E+00   -0.1156434071E-01
          85   -0.1712333517E+01    0.4869106373E-01   -0.1156434071E-01   -0.3672841927E+00
          86   -0.6785815455E+01   -0.4341333963E-02    0.1320156108E+01   -0.3721980402E+00
          87    0.1637574069E+01   -0.2616091585E+03    0.3013351786E-02    0.8700580722E-01
          88    0.1285154607E+01   -0.4617338495E-02   -0.2814695760E+03    0.1115511228E+03
          89    0.1452826508E+01   -0.2280943161E+00   -0.2638507627E+03    0.2588009266E+02
          90    0.4813552635E+01   -0.2159476462E+03    0.2576549170E-01   -0.3596481376E+01
          91    0.4813552635E+01   -0.2159476462E+03    0.2576549170E-01   -0.3596481376E+01
          92    0.4813552635E+01    0.2576549170E-01   -0.2159476462E+03   -0.3596481376E+01
          93   -0.9406799470E+01   -0.2145852652E+00    0.1817800914E+01    0.1033268397E+03
          94   -0.2692359698E+01    0.5743404774E-01   -0.4546029342E+00   -0.3814775735E+00
          95   -0.7323074207E+01    0.1510702374E+01    0.2565837312E-02   -0.3877286519E+00
          96    0.1051389194E+01   -0.2547965283E+03   -0.6410643922E-02    0.1064548454E+03
          97   -0.5230451267E+01   -0.4300102973E+00    0.1579284068E+01   -0.3624210573E+01
          98   -0.3554170600E+00    0.6487854842E+01    0.2954790105E-01   -0.3896848969E+00
          99   -0.7227393956E-01    0.7211418716E-03   -0.4804769643E+02   -0.3854058446E+00
         100   -0.7227393956E-01    0.7211418716E-03   -0.4804769643E+02   -0.3854058446E+00
