        Rank        RMSE       MaxAE  Feature_ID
           1    0.225226    0.764391  (       6)
           2    0.233988    0.674743  (      17)
           3    0.234540    0.795546  (      18)
           4    0.241118    0.720922  (      37)
           5    0.242081    0.794206  (      46)
           6    0.242091    0.768142  (      47)
           7    0.243209    0.707866  (      57)
           8    0.243538    0.789515  (      58)
           9    0.245427    0.904729  (      88)
          10    0.247082    0.940265  (     116)
          11    0.247620    0.714130  (     123)
          12    0.247954    0.729239  (     126)
          13    0.249585    0.748567  (     138)
          14    0.249589    0.723796  (     139)
          15    0.250592    0.656305  (     154)
          16    0.251897    0.749782  (     168)
          17    0.253209    0.782495  (     181)
          18    0.253496    0.783179  (     183)
          19    0.256829    0.734311  (     225)
          20    0.257750    1.152442  (     240)
          21    0.258437    1.147703  (     264)
          22    0.258641    0.987242  (     268)
          23    0.259520    0.980876  (     282)
          24    0.259872    0.720134  (     293)
          25    0.259909    1.142966  (     294)
          26    0.260307    0.819434  (     300)
          27    0.260765    0.890118  (     311)
          28    0.260879    1.140026  (     317)
          29    0.261590    0.947858  (     337)
          30    0.261681    1.166072  (     339)
          31    0.261850    0.727363  (     343)
          32    0.262971    0.849464  (     367)
          33    0.263362    1.169530  (     374)
          34    0.263593    0.765879  (     382)
          35    0.263664    0.810984  (     383)
          36    0.264581    0.761758  (     402)
          37    0.264694    1.129042  (     405)
          38    0.265053    0.718214  (     411)
          39    0.265570    0.796387  (     423)
          40    0.266091    1.044652  (     441)
          41    0.266845    0.734324  (     470)
          42    0.266892    0.684997  (     473)
          43    0.267293    1.046611  (     490)
          44    0.267341    1.014538  (     495)
          45    0.267392    0.972361  (     501)
          46    0.268110    0.980131  (     527)
          47    0.268320    0.829050  (     534)
          48    0.269211    0.878651  (     561)
          49    0.269339    1.149005  (     565)
          50    0.269340    0.912830  (     566)
          51    0.269539    0.818330  (     574)
          52    0.269565    0.839767  (     575)
          53    0.269707    0.840532  (     582)
          54    0.270112    0.982225  (     591)
          55    0.270332    0.831442  (     599)
          56    0.270615    0.767993  (     612)
          57    0.270714    0.830451  (     617)
          58    0.270976    0.767870  (     624)
          59    0.271220    0.819016  (     632)
          60    0.271399    0.823985  (     636)
          61    0.271464    0.766665  (     638)
          62    0.271762    0.762885  (     649)
          63    0.272286    0.854369  (     672)
          64    0.272386    0.788885  (     673)
          65    0.272487    0.798438  (     677)
          66    0.272782    0.763907  (     686)
          67    0.272933    0.825267  (     692)
          68    0.273033    0.865613  (     696)
          69    0.273605    0.916793  (     715)
          70    0.273697    1.182751  (     717)
          71    0.273851    0.901074  (     726)
          72    0.274121    0.827343  (     734)
          73    0.274555    0.710590  (     744)
          74    0.274631    0.799158  (     746)
          75    0.274857    0.772802  (     754)
          76    0.275277    0.791662  (     778)
          77    0.275920    0.887560  (     806)
          78    0.275961    0.876492  (     808)
          79    0.275973    1.098634  (     810)
          80    0.276041    0.777099  (     813)
          81    0.276532    0.761143  (     838)
          82    0.276733    0.798350  (     847)
          83    0.276758    0.836448  (     848)
          84    0.276775    0.906512  (     850)
          85    0.277072    0.839038  (     860)
          86    0.277362    0.801144  (     873)
          87    0.278089    0.901103  (     905)
          88    0.278361    0.774060  (     914)
          89    0.278553    0.805806  (     919)
          90    0.278607    0.809340  (     921)
          91    0.278753    0.850464  (     929)
          92    0.278907    0.772966  (     936)
          93    0.278955    0.767874  (     939)
          94    0.279338    0.885232  (     956)
          95    0.279376    0.744862  (     957)
          96    0.279997    0.786565  (     971)
          97    0.280167    0.787796  (     980)
          98    0.280275    0.907174  (     985)
          99    0.280444    0.850751  (     994)
         100    0.280482    1.073349  (     995)
