Model_ID, [(c_i,i=0,n)_j,j=1,ntask]
           1    0.1938226774E+01   -0.1942049445E+00   -0.2917394802E+03   -0.2714589382E+00    0.6871074046E+02
           2    0.1921267891E+01   -0.2005864036E+00   -0.2897013859E+03   -0.2868671963E+00    0.5994176830E+02
           3    0.1427736762E+01   -0.1811098583E+03    0.3516941319E-02   -0.3837418361E+00   -0.1206226105E+00
           4    0.1885017837E+01   -0.2016224260E+00   -0.2859663532E+03   -0.2692123638E+00    0.2238621491E+02
           5    0.1884420850E+01   -0.2101574068E+00   -0.2689250345E+03   -0.3604798175E+00    0.1032517119E+00
           6    0.1906349630E+01   -0.2087140471E+00   -0.2702334272E+03   -0.3694285790E+00    0.1972827901E-01
           7    0.1891875283E+01   -0.1996576398E+00   -0.2850905312E+03    0.1560558345E+03   -0.2768126408E+00
           8    0.1897773493E+01   -0.2045675624E+00   -0.2880491049E+03   -0.2815927878E+00    0.2286712508E+03
           9    0.1903329702E+01   -0.2102112575E+00   -0.2706371242E+03   -0.3680276202E+00    0.4600100192E-01
          10    0.1902478136E+01   -0.2100584904E+00   -0.2708241790E+03   -0.3655278983E+00    0.3573934476E-01
          11    0.1899616260E+01   -0.2102479699E+00   -0.2705328950E+03   -0.3651628263E+00    0.3526449808E-01
          12    0.1910235854E+01   -0.2058186380E+00   -0.2701438547E+03   -0.3667691146E+00    0.2643629952E+00
          13    0.1880174154E+01   -0.1975617846E+00   -0.2823133732E+03   -0.2791259952E+00    0.4283604267E-01
          14    0.1923147996E+01   -0.2058690006E+00   -0.2781320502E+03   -0.3932229476E+00   -0.5708875981E+00
          15    0.1916330888E+01   -0.2044516945E+00   -0.2765596261E+03   -0.3927850428E+00   -0.2559769501E-01
          16    0.1905055023E+01   -0.2073139680E+00   -0.2706038237E+03   -0.3631778536E+00    0.4752158244E+00
          17    0.1913394445E+01   -0.2073262398E+00   -0.2772709185E+03   -0.3929924090E+00   -0.1910074592E+00
          18    0.1911961769E+01   -0.2074530430E+00   -0.2770953545E+03   -0.3929625792E+00   -0.1925583810E+00
          19    0.1682393931E+01   -0.2214124791E+00   -0.2604196087E+03    0.5967675110E-04   -0.2944022125E+00
          20    0.1782306127E+01   -0.2077952185E+00   -0.2581266745E+03   -0.4139859215E+00   -0.9910160245E-01
          21    0.1905936713E+01   -0.2059469465E+00   -0.2756174538E+03   -0.3923250483E+00   -0.8449814906E-02
          22    0.1659437052E+01   -0.2235146409E+00   -0.2599689369E+03    0.9702808996E-03   -0.2930438032E+00
          23    0.1761301019E+01   -0.2100293008E+00   -0.2662687816E+03    0.6827703590E-02   -0.2988881561E+00
          24    0.1671780679E+01   -0.2220074294E+00   -0.2598174358E+03    0.1183105059E-01   -0.3053223492E+00
          25   -0.9116577001E+01   -0.2000333832E+00    0.1812688515E+01   -0.2768237598E+00    0.5957005632E+02
          26    0.1847956249E+01   -0.2430197448E+03    0.2821220188E-02   -0.3605661231E+00   -0.3754109821E-01
          27    0.1918874512E+01   -0.2062884377E+00   -0.2714422366E+03   -0.3718946478E+00    0.8227611577E-01
          28   -0.8375446077E+01   -0.2263825741E+00    0.1649570068E+01    0.1034959056E-02   -0.2818247890E+00
          29    0.1831391838E+01   -0.2076750369E+00   -0.2569745649E+03   -0.4010730562E+00   -0.8440173117E-01
          30    0.1657693412E+01   -0.2201270933E+00   -0.2379188864E+03   -0.2571780773E-01   -0.3736809993E+00
          31   -0.8360025093E+01   -0.2240621694E+00    0.1651128892E+01    0.6225145681E-04   -0.2849176198E+00
          32    0.1677722093E+01   -0.2184534561E+00   -0.2617406128E+03   -0.3176578261E+00    0.1311976766E-01
          33    0.1677722093E+01   -0.2184534561E+00   -0.2617406128E+03    0.1311976766E-01   -0.3176578261E+00
          34   -0.8162065692E+01   -0.2098995661E+00    0.1635618814E+01   -0.4094495079E+00   -0.1028510287E+00
          35    0.1818225855E+01   -0.2052231101E+00   -0.2790092690E+03   -0.2703179587E+00    0.6030164171E+01
          36    0.1881553613E+01   -0.2079345902E+00   -0.2727355787E+03   -0.3913510734E+00   -0.5857712781E-01
          37    0.1852522008E+01   -0.1967190315E+00   -0.2664044589E+03   -0.3561559620E+00   -0.2582628154E-01
          38   -0.8432646627E+01   -0.2210422807E+00    0.1662064227E+01    0.1415222361E-01   -0.3074385419E+00
          39   -0.8432646627E+01   -0.2210422807E+00    0.1662064227E+01   -0.3074385419E+00    0.1415222361E-01
          40   -0.8349439189E+01   -0.2247295726E+00    0.1647488934E+01    0.1244307298E-01   -0.2957999036E+00
          41   -0.9070226315E+01   -0.2054351598E+00    0.1802897906E+01   -0.2900050013E+00    0.5216991354E+02
          42    0.1862950715E+01   -0.1895574805E+00   -0.2597098984E+03   -0.3808239892E+00   -0.7861256823E-01
          43   -0.8281082360E+01   -0.2275612407E+00    0.1632878064E+01    0.1161491870E-01   -0.3195285571E+00
          44   -0.8302386907E+01   -0.2289162809E+00    0.1636503404E+01    0.8649641655E-03   -0.3149372789E+00
          45    0.1655067084E+01   -0.2243704104E+00   -0.2573719250E+03    0.1054603119E-01   -0.3295234698E+00
          46    0.1872165527E+01   -0.2002022707E+00   -0.2827888866E+03   -0.2857925836E+00    0.2483807121E+01
          47   -0.8299367951E+01   -0.2273135750E+00    0.1640423290E+01    0.4939116461E-04   -0.3231819658E+00
          48    0.1680434137E+01   -0.2240986894E+00   -0.2584592230E+03    0.4471470270E-04   -0.3329752605E+00
          49    0.1828079274E+01   -0.1961268800E+00   -0.2560734588E+03   -0.3830455818E+00   -0.4621196124E-01
          50    0.4215613775E+00   -0.1782281362E+01    0.5270098249E-03   -0.3829832341E+00   -0.4254851232E+02
          51    0.4215613775E+00   -0.1782281362E+01    0.5270098249E-03   -0.4254851232E+02   -0.3829832341E+00
          52    0.4215613775E+00   -0.1782281362E+01    0.5270098249E-03   -0.4254851232E+02   -0.3829832341E+00
          53    0.1697349360E+01   -0.2279124710E+00   -0.2652980892E+03   -0.2992195448E+00    0.1775183054E+01
          54    0.1656754912E+01   -0.2254560170E+00   -0.2578217465E+03    0.7736674626E-03   -0.3259730322E+00
          55   -0.9009717875E+01   -0.2058427334E+00    0.1788652508E+01   -0.2722048390E+00    0.2007586280E+02
          56    0.1787299271E+01   -0.2076529328E+00   -0.2715932567E+03   -0.2821569834E+00    0.1327094068E+02
          57    0.1896468868E+01   -0.2082453161E+00   -0.2757012603E+03   -0.3897199233E+00   -0.6616690281E-01
          58   -0.8425786343E+01   -0.1981994967E+00    0.1691288091E+01   -0.3490792864E+00   -0.2717477024E-01
          59   -0.8426941204E+01   -0.2133249875E+00    0.1693092525E+01   -0.3542146785E+00    0.9490263112E-01
          60   -0.8479790161E+01   -0.2132513771E+00    0.1705189210E+01   -0.3611781289E+00    0.4295242991E-01
          61    0.1373514213E+01    0.6086647095E-02   -0.1770952734E+03   -0.3812069549E+00   -0.1412995955E+00
          62    0.1671203013E+01   -0.2207751237E+00   -0.2620423631E+03    0.3726205474E-01   -0.3043490280E+00
          63    0.3548347566E+00    0.5892900671E-02   -0.1540126098E+01   -0.4503956790E+02   -0.3874457778E+00
          64    0.3548347566E+00    0.5892900671E-02   -0.1540126098E+01   -0.3874457778E+00   -0.4503956790E+02
          65    0.3548347566E+00    0.5892900671E-02   -0.1540126098E+01   -0.4503956790E+02   -0.3874457778E+00
          66   -0.8454552005E+01   -0.2119800493E+00    0.1701022021E+01   -0.3624317957E+00    0.1814588337E-01
          67    0.1516390177E+01   -0.1909793880E+03    0.3401663337E-02   -0.1015947647E+00   -0.3861786722E+00
          68    0.1623911920E+01   -0.2257840229E+00   -0.2578486098E+03    0.2842135106E-02   -0.3178364195E+00
          69   -0.6667857252E+00    0.1551605168E+00   -0.1501328201E+01   -0.4434569598E+02   -0.3908622451E+00
          70   -0.6667857252E+00    0.1551605168E+00   -0.1501328201E+01   -0.4434569598E+02   -0.3908622451E+00
          71   -0.6667857252E+00    0.1551605168E+00   -0.1501328201E+01   -0.3908622451E+00   -0.4434569598E+02
          72    0.1806110866E+01   -0.2089297811E+00   -0.2759681364E+03   -0.2903040641E+00    0.6211379344E+00
          73    0.1174751979E+01   -0.2268860399E+01   -0.1607241926E+03    0.1181084243E-02   -0.3947111205E+00
          74    0.1669134043E+01   -0.2202570791E+00   -0.2622876525E+03    0.1417755528E-01   -0.2870338563E+00
          75   -0.8330669121E+01   -0.2291393260E+00    0.1635324621E+01    0.3113808861E-02   -0.3068659113E+00
          76    0.1125452559E+01   -0.1999698577E+01    0.3379383720E-04   -0.1819515291E+03   -0.4027606531E+00
          77   -0.8928651312E+01   -0.2013875833E+00    0.1775756644E+01   -0.2778009546E+00    0.4009014035E-01
          78   -0.1673982976E+01   -0.1490822069E+01    0.5470496258E+00   -0.4416024182E+02   -0.3918633061E+00
          79   -0.1673982976E+01   -0.1490822069E+01    0.5470496258E+00   -0.3918633061E+00   -0.4416024182E+02
          80   -0.1673982976E+01   -0.1490822069E+01    0.5470496258E+00   -0.4416024182E+02   -0.3918633061E+00
          81    0.4497270710E+00   -0.1827417235E+01    0.5181552026E-03   -0.4228715108E+02   -0.3857407307E+00
          82    0.4497270710E+00   -0.1827417235E+01    0.5181552026E-03   -0.4228715108E+02   -0.3857407307E+00
          83    0.4497270710E+00   -0.1827417235E+01    0.5181552026E-03   -0.3857407307E+00   -0.4228715108E+02
          84   -0.8980846162E+01   -0.2039443582E+00    0.1785160532E+01    0.1407322725E+03   -0.2786266169E+00
          85   -0.4929180226E+01   -0.2286375366E+00    0.9040344426E+00    0.1058092657E-02   -0.2768975802E+00
          86   -0.8484144971E+01   -0.2126420073E+00    0.1684589317E+01    0.6750312177E-02   -0.2930691846E+00
          87    0.1937883295E+01   -0.1829984930E+00   -0.2690618734E+03   -0.3810774237E+00   -0.3229649072E-01
          88   -0.8481544602E+01   -0.2131761755E+00    0.1705004984E+01   -0.3588566484E+00    0.3293581809E-01
          89   -0.8473937734E+01   -0.2133478621E+00    0.1703326565E+01   -0.3585252208E+00    0.3250974842E-01
          90    0.1668480158E+01   -0.2208913758E+00   -0.2596570464E+03    0.9414357107E-01   -0.3011944980E+00
          91   -0.1522398854E+01   -0.2141817039E+01    0.1183457752E+00   -0.4180344155E+00   -0.7386973109E-01
          92    0.1769684460E+01   -0.2331176464E+03    0.2969596556E-02   -0.3794907776E+00    0.1026052779E+00
          93   -0.5349706432E+01    0.1108478513E+01    0.3551845111E-02   -0.3791683888E+00   -0.1271849763E+00
          94    0.1924949192E+01   -0.1854066351E+00   -0.2646988620E+03   -0.3849015665E+00   -0.8213801837E-01
          95   -0.8270147263E+01   -0.2273240219E+00    0.1629164274E+01    0.9475132690E-01   -0.3157759260E+00
          96   -0.4907838069E+01   -0.2262494341E+00    0.9046006504E+00    0.6319817240E-04   -0.2805751267E+00
          97    0.1912443364E+01   -0.2656514588E+03    0.2788320977E-02   -0.2692434764E+00    0.5414638206E-01
          98    0.1789274508E+01   -0.2078239231E+00   -0.2578046705E+03   -0.3807222606E+00    0.6781113740E-01
          99   -0.4871155273E+01   -0.2299271383E+00    0.8949498212E+00    0.1202365944E-01   -0.3149668107E+00
         100    0.4243533764E+00    0.1530921231E-01   -0.1696736062E+01   -0.4214977855E+02   -0.3857259897E+00
