        Rank        RMSE       MaxAE  Feature_ID
           1    0.182234    0.638691  (     470     264)
           2    0.182333    0.624339  (     470     240)
           3    0.182986    0.642904  (     470     294)
           4    0.183508    0.644870  (     317     470)
           5    0.184697    0.598239  (     566     200)
           6    0.185633    0.650142  (     470     405)
           7    0.185639    0.600965  (     566     218)
           8    0.185892    0.600324  (     566     230)
           9    0.186214    0.631301  (     282     200)
          10    0.186916    0.634579  (     268     200)
          11    0.187027    0.646358  (     649      57)
          12    0.187140    0.651795  (     649      43)
          13    0.187813    0.542547  (     649     168)
          14    0.188111    0.636693  (     282     218)
          15    0.188234    0.686785  (       6     649)
          16    0.188508    0.641570  (     282     230)
          17    0.188958    0.642102  (     268     218)
          18    0.188974    0.664731  (     591     200)
          19    0.189387    0.646977  (     268     230)
          20    0.189394    0.687458  (     686      43)
          21    0.189590    0.682158  (      57     686)
          22    0.189655    0.564720  (     300     649)
          23    0.189739    0.668744  (     778      43)
          24    0.189954    0.724612  (     411     649)
          25    0.189993    0.663182  (     778      57)
          26    0.190177    0.672372  (     339      37)
          27    0.190217    0.625751  (     339     470)
          28    0.190667    0.692120  (     754      43)
          29    0.190672    0.518550  (     649     402)
          30    0.190683    0.740988  (       6    1021)
          31    0.190811    0.702243  (       6     778)
          32    0.190843    0.717748  (       6     686)
          33    0.190987    0.686736  (     754      57)
          34    0.190992    0.630862  (       6    1022)
          35    0.191034    0.674212  (     873      43)
          36    0.191140    0.666969  (     591     218)
          37    0.191173    0.646767  (      57    1018)
          38    0.191196    0.719345  (       6    1059)
          39    0.191291    0.577045  (     268      37)
          40    0.191293    0.661382  (       6    1017)
          41    0.191296    0.671800  (     240      37)
          42    0.191369    0.694344  (     813      43)
          43    0.191415    0.668579  (      57     873)
          44    0.191484    0.631175  (     985     638)
          45    0.191486    0.675614  (     264      37)
          46    0.191547    0.679976  (       6    1020)
          47    0.191573    0.648069  (       6    1031)
          48    0.191614    0.572037  (     282      37)
          49    0.191616    0.666266  (     591     230)
          50    0.191712    0.602598  (      43    1041)
          51    0.191747    0.676869  (     919      43)
          52    0.191751    0.688914  (     813      57)
          53    0.191786    0.691649  (       6    1037)
          54    0.191803    0.634358  (      43    1395)
          55    0.191832    0.592897  (      57    1041)
          56    0.191868    0.633520  (      57    1342)
          57    0.191962    0.659697  (       6    1018)
          58    0.191968    0.707410  (       6     873)
          59    0.191974    0.682974  (       6    1014)
          60    0.191984    0.722156  (     754       6)
          61    0.192004    0.698513  (       6    1029)
          62    0.192044    0.674390  (     905      43)
          63    0.192048    0.657580  (     810     470)
          64    0.192056    0.679594  (     294      37)
          65    0.192092    0.692833  (      57    1223)
          66    0.192171    0.684352  (      57    1473)
          67    0.192175    0.641855  (      43    1466)
          68    0.192177    0.574472  (    1018      43)
          69    0.192193    0.671195  (     919      57)
          70    0.192363    0.650303  (       6    1034)
          71    0.192418    0.639806  (    1059      43)
          72    0.192434    0.681540  (     317      37)
          73    0.192454    0.630961  (     240     123)
          74    0.192526    0.535831  (     686     168)
          75    0.192590    0.709950  (     919       6)
          76    0.192597    0.724291  (       6     813)
          77    0.192609    0.716256  (      57    1059)
          78    0.192623    0.648004  (     649     470)
          79    0.192719    0.675479  (     905       6)
          80    0.192752    0.756369  (     240     168)
          81    0.192789    0.691039  (      43    1473)
          82    0.192812    0.673433  (       6    1084)
          83    0.192871    0.626845  (      57    1395)
          84    0.192904    0.733658  (       6    1025)
          85    0.192962    0.715463  (     411     686)
          86    0.193013    0.539925  (     778     168)
          87    0.193246    0.634373  (      57    1466)
          88    0.193300    0.590243  (       6    1055)
          89    0.193349    0.636018  (     411    1223)
          90    0.193353    0.643084  (    1342      43)
          91    0.193489    0.728615  (       6    1028)
          92    0.193594    0.651668  (       6    1033)
          93    0.193612    0.651327  (     470     778)
          94    0.193664    0.531735  (     402     686)
          95    0.193772    0.668202  (       6    1041)
          96    0.193792    0.699879  (     971      43)
          97    0.193836    0.647630  (       6    1058)
          98    0.193853    0.742726  (     411     778)
          99    0.193922    0.687119  (     405      37)
         100    0.193924    0.700182  (      43    1223)
