        Rank        RMSE       MaxAE  Feature_ID
           1    0.129163    0.471444  (     470     240    2001    2188)
           2    0.130016    0.445806  (     470     240    2001    2637)
           3    0.130239    0.502706  (     240     168    2001    1656)
           4    0.131238    0.439335  (     470     240    2001    2113)
           5    0.131696    0.407187  (     470     240    2001    3007)
           6    0.131869    0.400236  (     470     240    2001    3008)
           7    0.131933    0.442463  (     470     240    2195    2001)
           8    0.131944    0.455691  (     470     240    2001    2741)
           9    0.132044    0.391927  (     470     240    2001    3015)
          10    0.132282    0.399596  (     470     240    2001    3021)
          11    0.132295    0.399903  (     470     240    2001    3022)
          12    0.132414    0.406862  (     470     240    2001    3024)
          13    0.132459    0.477466  (     470     240    2001    2163)
          14    0.132792    0.508830  (     470     240    2001    3062)
          15    0.132799    0.517209  (     470     240    2001    3056)
          16    0.132813    0.406809  (     470     240    2001    3039)
          17    0.132975    0.510978  (     470     240    2001    3071)
          18    0.132981    0.511181  (     470     240    2001    3070)
          19    0.133042    0.408949  (     470     240    1095    2001)
          20    0.133069    0.454630  (     470     240    2001    3081)
          21    0.133081    0.518781  (     470     240    2001    3069)
          22    0.133301    0.418209  (     470     240    1017    2001)
          23    0.133422    0.439866  (     470     240    2199    2001)
          24    0.133443    0.415530  (     470     240    1058    2001)
          25    0.133460    0.589332  (     470     264    2001    2188)
          26    0.133586    0.519750  (     240     168    2001    3116)
          27    0.133622    0.415781  (     470     240    2001    3074)
          28    0.133624    0.534400  (     470     264    1017    2001)
          29    0.133697    0.474371  (     470     240    2001    3103)
          30    0.133715    0.430749  (     470     240    1286    2001)
          31    0.133745    0.524518  (     470     264    1095    2001)
          32    0.133816    0.427831  (     470     240    2001    2844)
          33    0.133816    0.427831  (     470     240    1020    2001)
          34    0.133861    0.470451  (     470     264    2001    3081)
          35    0.133873    0.482446  (     470     240    2001    2085)
          36    0.133924    0.505070  (     470     240    2001    3108)
          37    0.133925    0.423890  (     470     240    2001    3116)
          38    0.134025    0.545741  (     470     264    1020    2001)
          39    0.134025    0.545741  (     470     264    2001    2844)
          40    0.134036    0.531184  (     470     264    1058    2001)
          41    0.134045    0.566699  (     470     264    2001    2637)
          42    0.134095    0.405543  (     470     240    2001    3234)
          43    0.134136    0.516291  (     470     264    1022    2001)
          44    0.134204    0.522810  (     470     264    1031    2001)
          45    0.134236    0.402534  (     470     240    1022    2001)
          46    0.134280    0.498109  (     470     240    2001    2905)
          47    0.134299    0.516915  (     470     264    1364    2001)
          48    0.134404    0.429742  (     470     240    1364    2001)
          49    0.134436    0.456974  (     470     240    2001    3258)
          50    0.134440    0.443113  (     921      88    2001     199)
          51    0.134440    0.443113  (     921      88     199    2001)
          52    0.134440    0.443113  (     921      88     199    2001)
          53    0.134484    0.426067  (     470     240    2001    2803)
          54    0.134498    0.429999  (     470     240    1031    2001)
          55    0.134538    0.561100  (     470     264    2001    2113)
          56    0.134552    0.434665  (     470     240    2001    2125)
          57    0.134570    0.508373  (     470     240    2001    3210)
          58    0.134581    0.543021  (     470     264    2001    3116)
          59    0.134603    0.525305  (     470     264    2001    3007)
          60    0.134641    0.512014  (     470     264    2001    3015)
          61    0.134658    0.453785  (     402     240    2001    1656)
          62    0.134725    0.450709  (     470     240    1167    2001)
          63    0.134728    0.433037  (     405     848     199    2001)
          64    0.134728    0.433037  (     405     848    2001     199)
          65    0.134728    0.433037  (     405     848     199    2001)
          66    0.134730    0.519526  (     470     264    2001    3008)
          67    0.134735    0.519825  (     240     168    1108    2001)
          68    0.134782    0.441855  (     470     240    1021    2001)
          69    0.134824    0.424739  (     317     848     199    2001)
          70    0.134824    0.424739  (     317     848     199    2001)
          71    0.134824    0.424739  (     317     848    2001     199)
          72    0.134848    0.491018  (     470     240    2001    2818)
          73    0.134872    0.476240  (     921     649     808    2001)
          74    0.134882    0.457485  (     470     240    1151    2001)
          75    0.134888    0.559400  (     470     264    1021    2001)
          76    0.134901    0.450694  (     921     985     649    2001)
          77    0.134930    0.568260  (     470     264    2001    2163)
          78    0.134971    0.422427  (     848     294     199    2001)
          79    0.134971    0.422427  (     848     294    2001     199)
          80    0.134971    0.422427  (     848     294     199    2001)
          81    0.135001    0.443237  (     921     116     199    2001)
          82    0.135001    0.443237  (     921     116     199    2001)
          83    0.135001    0.443237  (     921     116    2001     199)
          84    0.135016    0.563948  (     470     264    2195    2001)
          85    0.135019    0.573675  (     470     294    1017    2001)
          86    0.135026    0.557232  (     470     264    2199    2001)
          87    0.135037    0.501182  (     470     240    2001    3597)
          88    0.135042    0.519287  (     470     264    2001    3021)
          89    0.135049    0.519445  (     470     264    2001    3022)
          90    0.135090    0.426996  (     470     240    1091    2001)
          91    0.135119    0.550968  (     921     441    2001    1709)
          92    0.135150    0.527666  (     240     168    2001    3687)
          93    0.135158    0.571158  (     264     168    2001    1656)
          94    0.135220    0.429410  (     470     240    2001    3711)
          95    0.135261    0.525242  (     470     264    1034    2001)
          96    0.135274    0.563499  (     470     294    1095    2001)
          97    0.135287    0.546913  (     240     168    2001    2163)
          98    0.135289    0.522930  (     470     240    2001    3289)
          99    0.135317    0.554746  (     470     294    1022    2001)
         100    0.135328    0.457116  (     374     848     199    2001)
