        Rank        RMSE       MaxAE  Feature_ID
           1    0.141061    0.504851  (     470     240    2001)
           2    0.142415    0.541356  (     470     264    2001)
           3    0.144109    0.580595  (     470     294    2001)
           4    0.145177    0.600025  (     317     470    2001)
           5    0.146597    0.650512  (     240     168    2007)
           6    0.147902    0.462048  (     240     123    2001)
           7    0.147908    0.501233  (     599     240    2001)
           8    0.148318    0.607496  (     411     649    2001)
           9    0.148431    0.515206  (     575     240    2001)
          10    0.148511    0.604690  (     282     200    2001)
          11    0.148511    0.604690  (     282    2001     200)
          12    0.148826    0.522256  (     240     168    2001)
          13    0.148855    0.473519  (     470     240    2188)
          14    0.149133    0.466690  (     905     183    2001)
          15    0.149140    0.573398  (     566     200    2001)
          16    0.149140    0.573398  (     566    2001     200)
          17    0.149147    0.587821  (     566     218    2001)
          18    0.149147    0.587821  (     566    2001     218)
          19    0.149189    0.656832  (     470     405    2001)
          20    0.149195    0.466904  (     905     181    2001)
          21    0.149275    0.616535  (     268    2001     200)
          22    0.149275    0.616535  (     268     200    2001)
          23    0.149304    0.593594  (     566     230    2001)
          24    0.149304    0.593594  (     566    2001     230)
          25    0.149352    0.455133  (     470     240    2113)
          26    0.149690    0.616026  (     282     218    2001)
          27    0.149690    0.616026  (     282    2001     218)
          28    0.149883    0.557627  (     649      57    2001)
          29    0.150019    0.621071  (     282    2001     230)
          30    0.150019    0.621071  (     282     230    2001)
          31    0.150034    0.490431  (     268      46    2001)
          32    0.150086    0.486794  (     282      46    2001)
          33    0.150290    0.508825  (     470     240    2007)
          34    0.150301    0.624401  (     470     264    2007)
          35    0.150394    0.489262  (     268      58    2001)
          36    0.150424    0.490829  (     470     240    2085)
          37    0.150448    0.488189  (     282      58    2001)
          38    0.150630    0.627479  (     268     218    2001)
          39    0.150630    0.627479  (     268    2001     218)
          40    0.150962    0.538416  (     649    2001      43)
          41    0.150962    0.538416  (     649      43    2001)
          42    0.150993    0.471133  (     939     905    2001)
          43    0.150998    0.632417  (     268    2001     230)
          44    0.150998    0.632417  (     268     230    2001)
          45    0.151181    0.617857  (     402     240    2007)
          46    0.151194    0.529947  (     470     240    2047)
          47    0.151317    0.516825  (     240      37    2188)
          48    0.151330    0.456328  (     470     240    2195)
          49    0.151340    0.509505  (     337     240    2001)
          50    0.151451    0.663277  (     470     294    2007)
          51    0.151567    0.525845  (     470     240    2115)
          52    0.151603    0.507349  (     300     649    2001)
          53    0.151727    0.484392  (     534     264    2001)
          54    0.151896    0.474170  (      88     199    2001)
          55    0.151896    0.474170  (      88     199    2001)
          56    0.151933    0.507402  (     339     470    2001)
          57    0.151957    0.742767  (     264     168    2007)
          58    0.152024    0.527888  (     929     240    2007)
          59    0.152055    0.500654  (     470     240    2163)
          60    0.152188    0.502544  (     534     294    2001)
          61    0.152236    0.682526  (     317     470    2007)
          62    0.152263    0.532015  (     649     168    2001)
          63    0.152281    0.519736  (     126     268    2001)
          64    0.152427    0.469188  (     470     240    2083)
          65    0.152586    0.523890  (     126     282    2001)
          66    0.152605    0.500498  (     268      47    2001)
          67    0.152607    0.539679  (     591      46    2001)
          68    0.152630    0.521877  (     534     317    2001)
          69    0.152634    0.559857  (     339      37    2001)
          70    0.152634    0.524318  (     470     264    2113)
          71    0.152667    0.533073  (     240      37    2001)
          72    0.152756    0.665117  (     411     686    2001)
          73    0.152874    0.553645  (     470     264    2047)
          74    0.152922    0.538808  (     591      58    2001)
          75    0.152931    0.470255  (     470     240    2123)
          76    0.152953    0.504488  (     282      47    2001)
          77    0.152979    0.570099  (     470     240    2081)
          78    0.152997    0.466443  (     240      37    2113)
          79    0.153046    0.486058  (     905     870    2001)
          80    0.153046    0.486058  (     905     870    2001)
          81    0.153069    0.714982  (     565     199    2007)
          82    0.153069    0.714982  (     565     199    2007)
          83    0.153147    0.605704  (     470     264    2085)
          84    0.153150    0.684900  (     905    2001      43)
          85    0.153150    0.684900  (     905      43    2001)
          86    0.153154    0.668202  (     411     778    2001)
          87    0.153159    0.529912  (     240     168    2163)
          88    0.153228    0.642121  (     411     649    2188)
          89    0.153245    0.446895  (     470     240    2125)
          90    0.153312    0.602086  (     240     154    2007)
          91    0.153312    0.602086  (     240     154    2007)
          92    0.153312    0.602086  (     154     240    2007)
          93    0.153316    0.567658  (     470     264    2188)
          94    0.153327    0.463037  (     905     929    2001)
          95    0.153368    0.560445  (     264     123    2001)
          96    0.153380    0.590715  (     649      57    2188)
          97    0.153452    0.638732  (     929     264    2007)
          98    0.153454    0.502003  (      18     268    2001)
          99    0.153490    0.472406  (     116     199    2001)
         100    0.153490    0.472406  (     116     199    2001)
