Model_ID, [(c_i,i=0,n)_j,j=1,ntask]
           1   -0.6091188260E+00   -0.7509584015E-01
           2    0.1278702896E+01    0.1549408369E+03
           3    0.1383406649E+01    0.1153356093E+02
           4   -0.5443977398E+00   -0.3815516487E-02
           5    0.1409115763E+01    0.2089435369E+02
           6    0.1322539515E+01    0.5183680088E+02
           7   -0.5160363993E+00   -0.9679723171E-02
           8    0.2102704434E+02   -0.1964959642E+02
           9   -0.1402955909E+01    0.1097463811E-02
          10   -0.1368866085E+01    0.1086773460E-02
          11   -0.3401244856E+00    0.4867035816E-02
          12    0.1278272784E+01    0.1839794104E+03
          13    0.1306694262E+01    0.1491468388E+03
          14   -0.3738031280E+00    0.5536183402E-02
          15   -0.4220788299E+00    0.4351643228E-01
          16   -0.3794995766E+00    0.5532426033E-02
          17    0.1311835374E+01    0.3964201248E+02
          18    0.1300295523E+01    0.7299490290E+02
          19    0.1156909089E+01   -0.5818770658E+01
          20    0.2711355908E+01   -0.3530410495E+03
          21   -0.1093731468E+02    0.2249353178E+01
          22   -0.2232658675E+01    0.4884342566E-01
          23   -0.2246841462E+01    0.6696401235E-01
          24   -0.5741058240E+00   -0.8225443921E-02
          25   -0.6248250289E+01    0.1237387881E+01
          26   -0.3580948198E+00    0.2029260789E-01
          27   -0.5599268432E+00   -0.8052675076E-01
          28   -0.3994153974E+01    0.3525027118E+00
          29   -0.3060627681E+00    0.5099513614E+00
          30    0.2403141573E+01   -0.1736464844E+03
          31   -0.3800788214E+00    0.6024557295E-02
          32   -0.1093027241E+01    0.1035498099E-02
          33   -0.1590352116E+01    0.3604213855E-01
          34    0.1371714993E+01   -0.7833869008E+01
          35   -0.4169665850E+00    0.4700215195E-01
          36   -0.4117525370E+00    0.9302548192E-02
          37   -0.1730782702E+01    0.1363534746E-01
          38   -0.3704843329E+00   -0.7032906396E-02
          39   -0.4445050625E+00   -0.1748163010E+00
          40   -0.3217159463E+01    0.1609419819E+00
          41   -0.6930383106E+00   -0.3960192836E+00
          42   -0.4612344717E+00   -0.1187454908E-02
          43   -0.1375788574E+01    0.3485979162E-02
          44   -0.1401946202E+01    0.3504566105E-02
          45   -0.3303535930E+01    0.1632269007E+00
          46   -0.1422625023E+01    0.3511955426E-02
          47    0.1490782532E+01    0.2726945766E+01
          48   -0.4867035842E+00   -0.8308451429E-02
          49   -0.1229361142E+01    0.1283850946E-02
          50   -0.2293559247E+01    0.7126694568E-01
          51    0.2145566977E+01   -0.8138820834E+01
          52   -0.3815560191E+00   -0.1486393786E+00
          53    0.1415875338E+01   -0.8431572178E+01
          54   -0.8002452778E+00    0.4072284449E-03
          55   -0.7897979454E-01    0.3303933464E-04
          56    0.1286145956E+01   -0.2220868655E+01
          57   -0.4153163377E+01    0.1705638154E+01
          58    0.4024022754E-01   -0.2139434373E-04
          59    0.1361372557E+01   -0.3976210316E+01
          60    0.2925728247E+01   -0.7078676869E+01
          61    0.1323618264E+01   -0.1162140717E+02
          62    0.2374437322E+01   -0.3838128604E+03
          63    0.1412392563E+01   -0.8484729788E+01
          64    0.7565511919E+01   -0.1763043992E+02
          65   -0.3470759346E+00    0.2175829051E-01
          66   -0.1018048355E+02    0.1998342708E+01
          67   -0.4563377847E+01    0.1843230420E+01
          68   -0.5532155884E+00    0.5183805003E-04
          69   -0.4814414359E+00    0.2813149574E-04
          70    0.1297498128E+01    0.9340781809E+01
          71   -0.4415159731E+00   -0.6716384282E-01
          72   -0.4016106489E+00    0.2366274517E-04
          73   -0.9410321159E-01    0.5678820676E-04
          74   -0.6512445262E+01    0.2803468740E+01
          75   -0.5538703926E+01    0.1015194835E+01
          76   -0.9865613656E+01    0.1942545835E+01
          77   -0.4744801710E+00   -0.3376496623E-01
          78   -0.7890867989E+00    0.2205981710E-02
          79   -0.5799464435E+00    0.3925009802E-04
          80   -0.3537910539E+01    0.2780075971E+00
          81   -0.7494005822E-01    0.2927043828E-03
          82   -0.4816843743E+00    0.1176738239E+00
          83    0.9313711129E+00   -0.4023581361E+01
          84   -0.5853957531E+00    0.5073200765E-04
          85   -0.2022689809E+01    0.7770245829E+00
          86   -0.5374119759E+01    0.9902880886E+00
          87   -0.2466359914E+01    0.7783635888E-01
          88    0.1328652632E+01   -0.2205149747E+02
          89   -0.3429077882E+01    0.2716372082E+00
          90    0.1135819821E+01   -0.5490598787E+01
          91   -0.1660020772E+01   -0.7498905358E+00
          92   -0.5025082293E+00   -0.2094693308E+00
          93    0.1175296410E+01    0.7015034643E+02
          94    0.2748109438E+01   -0.6739419014E+01
          95   -0.3902963871E+00    0.9846844916E-02
          96   -0.1545382819E+01    0.2622144783E-01
          97    0.2516708573E+01   -0.3636358627E+01
          98   -0.1027571684E+01    0.6307799692E-04
          99    0.2794560341E+01   -0.8683146546E+02
         100   -0.1285819289E+01    0.2558514789E-02
